{
  "advancedEditorSelectedIdentifier" : "ProjectBrowser",
  "openSceneRelativePaths" : [
    "JovitaScene.usda",
    "Immersive.usda",
    "篮球雪屋.usda",
    "BasketballScene.usda",
    "MegaMind.usda"
  ],
  "recentIdentifiers" : {
    "3082B688-6591-43F6-917F-EE9BCED444D5" : [

    ],
    "343586E6-704D-481A-BD79-27FE572B6A3D" : [

    ],
    "67CCEB35-5283-4A0D-AC53-DF56DD02667B" : [

    ],
    "AF09ED6F-1707-48FD-8720-65B998362C09" : [

    ]
  },
  "sceneCameraHistory" : {
    "1F3B0590-B797-4254-8568-70DEBD24E22A" : [
      {
        "date" : 746098906.613305,
        "title" : "Untitled",
        "transform" : [
          0.9095687,
          1.7864306e-08,
          -0.41555342,
          0,
          -0.15743048,
          0.92546004,
          -0.34458593,
          0,
          0.38457808,
          0.37884533,
          0.8417696,
          0,
          1.545095,
          3.412035,
          2.6367366,
          1
        ]
      },
      {
        "date" : 746098111.907874,
        "title" : "Untitled",
        "transform" : [
          0.90956885,
          1.7864307e-08,
          -0.41555348,
          0,
          -0.15743048,
          0.92546004,
          -0.34458593,
          0,
          0.38457808,
          0.37884533,
          0.8417696,
          0,
          3.3834321,
          2.8074064,
          4.3063636,
          1
        ]
      },
      {
        "date" : 746098007.211609,
        "title" : "Untitled",
        "transform" : [
          0.6152733,
          1.0045247e-08,
          0.7883138,
          0,
          0.45894617,
          0.8130549,
          -0.3582042,
          0,
          -0.64094245,
          0.58218706,
          0.500251,
          0,
          -2.7797263,
          3.959997,
          3.8033485,
          1
        ]
      },
      {
        "date" : 746097998.186232,
        "title" : "Untitled",
        "transform" : [
          0.61527336,
          1.0045248e-08,
          0.7883139,
          0,
          0.45894617,
          0.8130549,
          -0.3582042,
          0,
          -0.6409425,
          0.5821871,
          0.50025105,
          0,
          -5.9992847,
          8.541135,
          8.189146,
          1
        ]
      },
      {
        "date" : 746097993.939663,
        "title" : "Untitled",
        "transform" : [
          0.5135741,
          1.4993134e-08,
          0.8580453,
          0,
          0.21643107,
          0.96766543,
          -0.12954259,
          0,
          -0.83030075,
          0.25223738,
          0.49696794,
          0,
          -9.029622,
          4.4762516,
          8.626948,
          1
        ]
      },
      {
        "date" : 746097974.762064,
        "title" : "Untitled",
        "transform" : [
          0.5135741,
          1.4993134e-08,
          0.8580453,
          0,
          0.21643107,
          0.96766543,
          -0.12954259,
          0,
          -0.83030075,
          0.25223738,
          0.49696794,
          0,
          -3.2702925,
          1.622226,
          3.1342502,
          1
        ]
      },
      {
        "date" : 746097969.128718,
        "title" : "Untitled",
        "transform" : [
          0.51357424,
          -5.7813576e-09,
          0.8580452,
          0,
          0.21643105,
          0.9676654,
          -0.12954257,
          0,
          -0.8303007,
          0.25223732,
          0.49696806,
          0,
          -1.9167596,
          0.59083664,
          1.1579844,
          1
        ]
      },
      {
        "date" : 746097959.383123,
        "title" : "Untitled",
        "transform" : [
          0.51357424,
          -5.7813576e-09,
          0.8580452,
          0,
          0.21643105,
          0.9676654,
          -0.12954257,
          0,
          -0.8303007,
          0.25223732,
          0.49696806,
          0,
          -1.0244982,
          0.3162727,
          0.62553674,
          1
        ]
      },
      {
        "date" : 746097676.137234,
        "title" : "Untitled",
        "transform" : [
          0.51357424,
          -5.7813576e-09,
          0.8580452,
          0,
          0.21643108,
          0.9676655,
          -0.12954259,
          0,
          -0.8303007,
          0.25223732,
          0.49696806,
          0,
          -2.1367648,
          0.65853596,
          1.2892704,
          1
        ]
      }
    ],
    "3082B688-6591-43F6-917F-EE9BCED444D5" : [
      {
        "date" : 746163509.944748,
        "title" : "Untitled",
        "transform" : [
          0.9528721,
          -0.00023968135,
          -0.30337223,
          0,
          -0.1168734,
          0.9225231,
          -0.36782044,
          0,
          0.279956,
          0.38594195,
          0.87901837,
          0,
          0.9636384,
          1.0527622,
          -0.26233506,
          1
        ]
      },
      {
        "date" : 746163479.175526,
        "title" : "Untitled",
        "transform" : [
          0.9528721,
          -0.00023968135,
          -0.30337223,
          0,
          -0.1168734,
          0.9225231,
          -0.36782044,
          0,
          0.279956,
          0.38594195,
          0.87901837,
          0,
          0.9658414,
          0.72727865,
          -0.26490033,
          1
        ]
      },
      {
        "date" : 746163477.231432,
        "title" : "Untitled",
        "transform" : [
          0.9528721,
          -0.00023968135,
          -0.30337223,
          0,
          -0.1168734,
          0.9225231,
          -0.36782044,
          0,
          0.279956,
          0.38594195,
          0.87901837,
          0,
          1.3902967,
          1.3124244,
          1.0678234,
          1
        ]
      },
      {
        "date" : 746163456.065653,
        "title" : "Untitled",
        "transform" : [
          0.9528721,
          -0.00023968135,
          -0.30337223,
          0,
          -0.1168734,
          0.9225231,
          -0.36782044,
          0,
          0.279956,
          0.38594195,
          0.87901837,
          0,
          1.0174177,
          0.7983811,
          -0.10295844,
          1
        ]
      },
      {
        "date" : 746163322.590662,
        "title" : "Untitled",
        "transform" : [
          0.9528721,
          -0.00023968135,
          -0.30337223,
          0,
          -0.1168734,
          0.9225231,
          -0.36782044,
          0,
          0.279956,
          0.38594195,
          0.87901837,
          0,
          0.8625373,
          1.1056573,
          -0.18854362,
          1
        ]
      },
      {
        "date" : 746163273.143864,
        "title" : "Untitled",
        "transform" : [
          0.9528721,
          -0.00023968135,
          -0.30337223,
          0,
          -0.1168734,
          0.9225231,
          -0.36782044,
          0,
          0.279956,
          0.38594195,
          0.87901837,
          0,
          0.8813518,
          1.0898463,
          -0.12867019,
          1
        ]
      },
      {
        "date" : 746163270.957671,
        "title" : "Untitled",
        "transform" : [
          0.9528721,
          -0.00023968135,
          -0.30337223,
          0,
          -0.1168734,
          0.9225231,
          -0.36782044,
          0,
          0.279956,
          0.38594195,
          0.87901837,
          0,
          1.290869,
          1.6493063,
          1.1582555,
          1
        ]
      },
      {
        "date" : 746163259.153627,
        "title" : "Untitled",
        "transform" : [
          0.9528721,
          -0.00023967928,
          -0.3033722,
          0,
          -0.11687339,
          0.9225231,
          -0.36782044,
          0,
          0.27995598,
          0.38594195,
          0.87901837,
          0,
          0.044401873,
          0.046121955,
          0.14268897,
          1
        ]
      },
      {
        "date" : 746163250.233575,
        "title" : "Untitled",
        "transform" : [
          0.9528721,
          -0.00023968749,
          -0.3033722,
          0,
          -0.11687339,
          0.9225231,
          -0.36782047,
          0,
          0.27995598,
          0.38594198,
          0.87901837,
          0,
          0.044401884,
          0.95396215,
          0.14268863,
          1
        ]
      },
      {
        "date" : 746163248.162096,
        "title" : "Untitled",
        "transform" : [
          0.9528721,
          -0.00023969197,
          -0.3033722,
          0,
          -0.11687338,
          0.92252296,
          -0.36782047,
          0,
          0.27995598,
          0.385942,
          0.87901837,
          0,
          0.8444236,
          0.99664146,
          -0.36047053,
          1
        ]
      }
    ],
    "343586E6-704D-481A-BD79-27FE572B6A3D" : [
      {
        "date" : 746171841.151768,
        "title" : "Untitled",
        "transform" : [
          0.9529028,
          -1.4276192e-08,
          -0.30327576,
          0,
          -0.12614387,
          0.9093931,
          -0.39634827,
          0,
          0.27579713,
          0.4159379,
          0.8665631,
          0,
          4.183328,
          4.6462884,
          7.5505185,
          1
        ]
      },
      {
        "date" : 746171832.463333,
        "title" : "Untitled",
        "transform" : [
          0.9306673,
          -1.5422852e-08,
          0.3658666,
          0,
          0.18534017,
          0.8621938,
          -0.47145614,
          0,
          -0.3154477,
          0.5065787,
          0.80241567,
          0,
          4.090386,
          3.661253,
          2.719524,
          1
        ]
      },
      {
        "date" : 746171818.809963,
        "title" : "Untitled",
        "transform" : [
          0.9306673,
          -1.5422852e-08,
          0.3658666,
          0,
          0.18534017,
          0.8621938,
          -0.47145614,
          0,
          -0.3154477,
          0.5065787,
          0.80241567,
          0,
          3.9312825,
          3.2597966,
          5.1959314,
          1
        ]
      },
      {
        "date" : 746171596.958391,
        "title" : "Untitled",
        "transform" : [
          0.9306673,
          -1.5422852e-08,
          0.3658666,
          0,
          0.18534017,
          0.8621938,
          -0.47145614,
          0,
          -0.3154477,
          0.5065787,
          0.80241567,
          0,
          -0.83101225,
          6.6375785,
          7.597681,
          1
        ]
      },
      {
        "date" : 746171591.739017,
        "title" : "Untitled",
        "transform" : [
          0.9306673,
          -1.5422852e-08,
          0.3658666,
          0,
          0.18534017,
          0.8621938,
          -0.47145614,
          0,
          -0.3154477,
          0.5065787,
          0.80241567,
          0,
          -1.084095,
          8.659037,
          9.911537,
          1
        ]
      },
      {
        "date" : 746171585.966343,
        "title" : "Untitled",
        "transform" : [
          0.9306673,
          -1.5422852e-08,
          0.3658666,
          0,
          0.18534017,
          0.8621938,
          -0.47145614,
          0,
          -0.3154477,
          0.5065787,
          0.80241567,
          0,
          1.710259,
          4.171582,
          2.803437,
          1
        ]
      },
      {
        "date" : 746171370.034949,
        "title" : "Untitled",
        "transform" : [
          0.9306673,
          -1.5422852e-08,
          0.3658666,
          0,
          0.18534017,
          0.8621938,
          -0.47145614,
          0,
          -0.3154477,
          0.5065787,
          0.80241567,
          0,
          -6.550822,
          4.487941,
          8.35561,
          1
        ]
      },
      {
        "date" : 746171363.737463,
        "title" : "Untitled",
        "transform" : [
          0.9306673,
          -1.5422852e-08,
          0.3658666,
          0,
          0.18534017,
          0.8621938,
          -0.47145614,
          0,
          -0.3154477,
          0.5065787,
          0.80241567,
          0,
          -4.187747,
          4.9241934,
          9.009174,
          1
        ]
      },
      {
        "date" : 746171350.728884,
        "title" : "Untitled",
        "transform" : [
          0.8526744,
          -8.009028e-09,
          0.52244246,
          0,
          0.12370163,
          0.97156435,
          -0.20189252,
          0,
          -0.50758636,
          0.23677573,
          0.82842827,
          0,
          -3.006497,
          3.7203417,
          10.426566,
          1
        ]
      },
      {
        "date" : 746171342.596438,
        "title" : "Untitled",
        "transform" : [
          0.9459922,
          -8.1127185e-09,
          0.3241894,
          0,
          0.10851549,
          0.94231457,
          -0.3166507,
          0,
          -0.30548832,
          0.33472878,
          0.8914222,
          0,
          0.16892505,
          5.259408,
          11.416349,
          1
        ]
      }
    ],
    "3E764B9E-92E9-42B7-9872-C9E4AA92BBE7" : [
      {
        "date" : 746075037.556111,
        "title" : "Untitled",
        "transform" : [
          1,
          0,
          0,
          0,
          0,
          0.7071069,
          -0.70710677,
          0,
          0,
          0.70710677,
          0.7071069,
          0,
          1.0264013,
          3.4761243,
          2.861178,
          1
        ]
      },
      {
        "date" : 746074988.746265,
        "title" : "Untitled",
        "transform" : [
          1,
          0,
          0,
          0,
          0,
          0.7071069,
          -0.70710677,
          0,
          0,
          0.70710677,
          0.7071069,
          0,
          0.34704113,
          2.8511996,
          1.7221017,
          1
        ]
      },
      {
        "date" : 746074968.675307,
        "title" : "Untitled",
        "transform" : [
          1,
          0,
          0,
          0,
          0,
          0.7071069,
          -0.70710677,
          0,
          0,
          0.70710677,
          0.7071069,
          0,
          0.34704113,
          3.364373,
          2.235275,
          1
        ]
      },
      {
        "date" : 746074966.144359,
        "title" : "Untitled",
        "transform" : [
          1,
          0,
          0,
          0,
          0,
          0.7071069,
          -0.70710677,
          0,
          0,
          0.70710677,
          0.7071069,
          0,
          0,
          2.799824,
          2.7998242,
          1
        ]
      }
    ],
    "67CCEB35-5283-4A0D-AC53-DF56DD02667B" : [
      {
        "date" : 746166941.634552,
        "title" : "Untitled",
        "transform" : [
          0.9944198,
          -1.912834e-08,
          -0.10549561,
          0,
          -0.05885187,
          0.829935,
          -0.55474716,
          0,
          0.08755454,
          0.5578603,
          0.8253036,
          0,
          2.463307,
          1.7868444,
          2.332037,
          1
        ]
      },
      {
        "date" : 746166935.799375,
        "title" : "Untitled",
        "transform" : [
          0.844315,
          -2.3031124e-08,
          -0.53584707,
          0,
          -0.10014869,
          0.98237944,
          -0.15780059,
          0,
          0.52640516,
          0.18689796,
          0.8294377,
          0,
          1.6639034,
          0.2987931,
          0.67093015,
          1
        ]
      },
      {
        "date" : 746166927.315232,
        "title" : "Untitled",
        "transform" : [
          0.8443151,
          -2.3031127e-08,
          -0.5358471,
          0,
          -0.10014869,
          0.98237944,
          -0.15780059,
          0,
          0.52640516,
          0.18689796,
          0.8294377,
          0,
          2.1554828,
          0.6294993,
          1.4763789,
          1
        ]
      },
      {
        "date" : 746166923.468378,
        "title" : "Untitled",
        "transform" : [
          0.94618845,
          -2.406101e-08,
          0.32361633,
          0,
          0.04512984,
          0.9902285,
          -0.13195069,
          0,
          -0.32045406,
          0.13945514,
          0.93694264,
          0,
          1.0507104,
          0.56767,
          1.6071005,
          1
        ]
      },
      {
        "date" : 746166914.908472,
        "title" : "Untitled",
        "transform" : [
          0.97606033,
          2.3609736e-09,
          -0.21750021,
          0,
          -0.20304325,
          0.3584967,
          -0.91118246,
          0,
          0.07797309,
          0.9335311,
          0.34991425,
          0,
          1.5282463,
          1.4898648,
          0.65681,
          1
        ]
      },
      {
        "date" : 746166906.926943,
        "title" : "Untitled",
        "transform" : [
          0.99848235,
          -1.5707426e-09,
          -0.055073794,
          0,
          -0.031635296,
          0.8185632,
          -0.57354474,
          0,
          0.045081392,
          0.57441646,
          0.8173208,
          0,
          1.2448983,
          1.0415275,
          1.3280371,
          1
        ]
      },
      {
        "date" : 746166885.751526,
        "title" : "Untitled",
        "transform" : [
          0.9150182,
          -2.7270968e-09,
          -0.4034127,
          0,
          -0.05902981,
          0.98923635,
          -0.13389106,
          0,
          0.39907053,
          0.14632612,
          0.90516925,
          0,
          1.6939424,
          0.34766614,
          1.3052438,
          1
        ]
      },
      {
        "date" : 746166878.717742,
        "title" : "Untitled",
        "transform" : [
          0.7379997,
          -3.5823249e-09,
          -0.6748012,
          0,
          -0.22630851,
          0.9420862,
          -0.24750344,
          0,
          0.63572085,
          0.3353707,
          0.6952593,
          0,
          1.9528142,
          0.7051664,
          0.6190565,
          1
        ]
      },
      {
        "date" : 746166870.704464,
        "title" : "Untitled",
        "transform" : [
          0.9773641,
          -2.145658e-09,
          -0.21156433,
          0,
          -0.08138045,
          0.92305803,
          -0.3759534,
          0,
          0.19528615,
          0.38466057,
          0.90216374,
          0,
          1.0546336,
          0.6154444,
          1.1408641,
          1
        ]
      },
      {
        "date" : 746166866.251757,
        "title" : "Untitled",
        "transform" : [
          0.9773641,
          -2.145658e-09,
          -0.21156433,
          0,
          -0.08138045,
          0.92305803,
          -0.3759534,
          0,
          0.19528615,
          0.38466057,
          0.90216374,
          0,
          1.2921435,
          0.6494721,
          1.0749433,
          1
        ]
      }
    ],
    "AF09ED6F-1707-48FD-8720-65B998362C09" : [
      {
        "date" : 746095963.580593,
        "title" : "Untitled",
        "transform" : [
          0.8617452,
          4.6952238e-09,
          -0.5073414,
          0,
          -0.17509972,
          0.93855417,
          -0.2974158,
          0,
          0.47616738,
          0.34513193,
          0.8087945,
          0,
          -4.1138268,
          2.8847957,
          -10.890423,
          1
        ]
      },
      {
        "date" : 746095961.742881,
        "title" : "Untitled",
        "transform" : [
          0.8617452,
          4.6952238e-09,
          -0.5073414,
          0,
          -0.17509972,
          0.93855417,
          -0.2974158,
          0,
          0.47616738,
          0.34513193,
          0.8087945,
          0,
          0.8094015,
          1.5482309,
          1.3803539,
          1
        ]
      },
      {
        "date" : 746095959.975172,
        "title" : "Untitled",
        "transform" : [
          0.8617452,
          4.6952238e-09,
          -0.5073414,
          0,
          -0.17509972,
          0.93855417,
          -0.2974158,
          0,
          0.47616738,
          0.34513193,
          0.8087945,
          0,
          -5.1803083,
          2.574486,
          -12.049509,
          1
        ]
      },
      {
        "date" : 746095958.144268,
        "title" : "Untitled",
        "transform" : [
          0.8617452,
          -2.7553568e-09,
          -0.5073414,
          0,
          -0.1750997,
          0.93855417,
          -0.2974158,
          0,
          0.47616738,
          0.34513193,
          0.8087945,
          0,
          -4.1138225,
          2.8847952,
          -10.890423,
          1
        ]
      },
      {
        "date" : 746095921.452055,
        "title" : "Untitled",
        "transform" : [
          0.8617452,
          4.2113344e-09,
          -0.5073414,
          0,
          -0.17509972,
          0.9385541,
          -0.29741576,
          0,
          0.4761674,
          0.34513196,
          0.8087945,
          0,
          -3.7048738,
          4.8949265,
          44.381508,
          1
        ]
      },
      {
        "date" : 746095166.680855,
        "title" : "Untitled",
        "transform" : [
          -0.6468106,
          2.8855145e-09,
          0.7626506,
          0,
          0.32136613,
          0.90688384,
          0.27255344,
          0,
          -0.6916356,
          0.42138064,
          -0.5865821,
          0,
          -13.94059,
          6.74837,
          -4.8178215,
          1
        ]
      },
      {
        "date" : 746095139.648694,
        "title" : "Untitled",
        "transform" : [
          0.9153851,
          -1.2474997e-10,
          0.40257922,
          0,
          -0.055150438,
          0.9905721,
          0.12540114,
          0,
          -0.39878374,
          -0.13699275,
          0.906755,
          0,
          -7.7330027,
          -8.165601,
          10.795823,
          1
        ]
      },
      {
        "date" : 746094726.31225,
        "title" : "Untitled",
        "transform" : [
          0.9945632,
          -1.2400077e-09,
          -0.10413479,
          0,
          -0.027760096,
          0.9638132,
          -0.26512918,
          0,
          0.1003665,
          0.2665785,
          0.9585732,
          0,
          -2.4588363,
          4.2220564,
          -9.302671,
          1
        ]
      },
      {
        "date" : 746094721.044238,
        "title" : "Untitled",
        "transform" : [
          0.9945632,
          -1.2400077e-09,
          -0.10413479,
          0,
          -0.027760096,
          0.9638132,
          -0.26512918,
          0,
          0.1003665,
          0.2665785,
          0.9585732,
          0,
          -4.4444413,
          2.3442793,
          -9.835386,
          1
        ]
      },
      {
        "date" : 746094497.14677,
        "title" : "Untitled",
        "transform" : [
          0.9945632,
          -1.2400077e-09,
          -0.10413479,
          0,
          -0.027760096,
          0.9638132,
          -0.26512918,
          0,
          0.1003665,
          0.2665785,
          0.9585732,
          0,
          0.45334494,
          1.2041245,
          4.329821,
          1
        ]
      }
    ],
    "E7195668-5E9A-474B-858A-C0B33B6D89A6" : [
      {
        "date" : 746166795.678312,
        "title" : "Untitled",
        "transform" : [
          1,
          0,
          0,
          0,
          0,
          0.7071069,
          -0.70710677,
          0,
          0,
          0.70710677,
          0.7071069,
          0,
          0,
          2.5451326,
          2.545133,
          1
        ]
      }
    ]
  },
  "sceneViewportBackgroundColors" : {

  },
  "selectedSceneRelativePath" : "MegaMind.usda"
}