{
  "advancedEditorSelectedIdentifier" : "ProjectBrowser",
  "openSceneRelativePaths" : [
    "JovitaScene.usda",
    "Immersive.usda"
  ],
  "recentIdentifiers" : {
    "3082B688-6591-43F6-917F-EE9BCED444D5" : [

    ],
    "AF09ED6F-1707-48FD-8720-65B998362C09" : [

    ]
  },
  "sceneCameraHistory" : {
    "1F3B0590-B797-4254-8568-70DEBD24E22A" : [
      {
        "date" : 746098906.613305,
        "title" : "Untitled",
        "transform" : [
          0.9095687,
          1.7864306e-08,
          -0.41555342,
          0,
          -0.15743048,
          0.92546004,
          -0.34458593,
          0,
          0.38457808,
          0.37884533,
          0.8417696,
          0,
          1.545095,
          3.412035,
          2.6367366,
          1
        ]
      },
      {
        "date" : 746098111.907874,
        "title" : "Untitled",
        "transform" : [
          0.90956885,
          1.7864307e-08,
          -0.41555348,
          0,
          -0.15743048,
          0.92546004,
          -0.34458593,
          0,
          0.38457808,
          0.37884533,
          0.8417696,
          0,
          3.3834321,
          2.8074064,
          4.3063636,
          1
        ]
      },
      {
        "date" : 746098007.211609,
        "title" : "Untitled",
        "transform" : [
          0.6152733,
          1.0045247e-08,
          0.7883138,
          0,
          0.45894617,
          0.8130549,
          -0.3582042,
          0,
          -0.64094245,
          0.58218706,
          0.500251,
          0,
          -2.7797263,
          3.959997,
          3.8033485,
          1
        ]
      },
      {
        "date" : 746097998.186232,
        "title" : "Untitled",
        "transform" : [
          0.61527336,
          1.0045248e-08,
          0.7883139,
          0,
          0.45894617,
          0.8130549,
          -0.3582042,
          0,
          -0.6409425,
          0.5821871,
          0.50025105,
          0,
          -5.9992847,
          8.541135,
          8.189146,
          1
        ]
      },
      {
        "date" : 746097993.939663,
        "title" : "Untitled",
        "transform" : [
          0.5135741,
          1.4993134e-08,
          0.8580453,
          0,
          0.21643107,
          0.96766543,
          -0.12954259,
          0,
          -0.83030075,
          0.25223738,
          0.49696794,
          0,
          -9.029622,
          4.4762516,
          8.626948,
          1
        ]
      },
      {
        "date" : 746097974.762064,
        "title" : "Untitled",
        "transform" : [
          0.5135741,
          1.4993134e-08,
          0.8580453,
          0,
          0.21643107,
          0.96766543,
          -0.12954259,
          0,
          -0.83030075,
          0.25223738,
          0.49696794,
          0,
          -3.2702925,
          1.622226,
          3.1342502,
          1
        ]
      },
      {
        "date" : 746097969.128718,
        "title" : "Untitled",
        "transform" : [
          0.51357424,
          -5.7813576e-09,
          0.8580452,
          0,
          0.21643105,
          0.9676654,
          -0.12954257,
          0,
          -0.8303007,
          0.25223732,
          0.49696806,
          0,
          -1.9167596,
          0.59083664,
          1.1579844,
          1
        ]
      },
      {
        "date" : 746097959.383123,
        "title" : "Untitled",
        "transform" : [
          0.51357424,
          -5.7813576e-09,
          0.8580452,
          0,
          0.21643105,
          0.9676654,
          -0.12954257,
          0,
          -0.8303007,
          0.25223732,
          0.49696806,
          0,
          -1.0244982,
          0.3162727,
          0.62553674,
          1
        ]
      },
      {
        "date" : 746097676.137234,
        "title" : "Untitled",
        "transform" : [
          0.51357424,
          -5.7813576e-09,
          0.8580452,
          0,
          0.21643108,
          0.9676655,
          -0.12954259,
          0,
          -0.8303007,
          0.25223732,
          0.49696806,
          0,
          -2.1367648,
          0.65853596,
          1.2892704,
          1
        ]
      }
    ],
    "3082B688-6591-43F6-917F-EE9BCED444D5" : [
      {
        "date" : 746163322.590662,
        "title" : "Untitled",
        "transform" : [
          0.9528721,
          -0.00023968135,
          -0.30337223,
          0,
          -0.1168734,
          0.9225231,
          -0.36782044,
          0,
          0.279956,
          0.38594195,
          0.87901837,
          0,
          0.8625373,
          1.1056573,
          -0.18854362,
          1
        ]
      },
      {
        "date" : 746163273.143864,
        "title" : "Untitled",
        "transform" : [
          0.9528721,
          -0.00023968135,
          -0.30337223,
          0,
          -0.1168734,
          0.9225231,
          -0.36782044,
          0,
          0.279956,
          0.38594195,
          0.87901837,
          0,
          0.8813518,
          1.0898463,
          -0.12867019,
          1
        ]
      },
      {
        "date" : 746163270.957671,
        "title" : "Untitled",
        "transform" : [
          0.9528721,
          -0.00023968135,
          -0.30337223,
          0,
          -0.1168734,
          0.9225231,
          -0.36782044,
          0,
          0.279956,
          0.38594195,
          0.87901837,
          0,
          1.290869,
          1.6493063,
          1.1582555,
          1
        ]
      },
      {
        "date" : 746163259.153627,
        "title" : "Untitled",
        "transform" : [
          0.9528721,
          -0.00023967928,
          -0.3033722,
          0,
          -0.11687339,
          0.9225231,
          -0.36782044,
          0,
          0.27995598,
          0.38594195,
          0.87901837,
          0,
          0.044401873,
          0.046121955,
          0.14268897,
          1
        ]
      },
      {
        "date" : 746163250.233575,
        "title" : "Untitled",
        "transform" : [
          0.9528721,
          -0.00023968749,
          -0.3033722,
          0,
          -0.11687339,
          0.9225231,
          -0.36782047,
          0,
          0.27995598,
          0.38594198,
          0.87901837,
          0,
          0.044401884,
          0.95396215,
          0.14268863,
          1
        ]
      },
      {
        "date" : 746163248.162096,
        "title" : "Untitled",
        "transform" : [
          0.9528721,
          -0.00023969197,
          -0.3033722,
          0,
          -0.11687338,
          0.92252296,
          -0.36782047,
          0,
          0.27995598,
          0.385942,
          0.87901837,
          0,
          0.8444236,
          0.99664146,
          -0.36047053,
          1
        ]
      },
      {
        "date" : 746163237.977775,
        "title" : "Untitled",
        "transform" : [
          0.9528721,
          -0.0002397002,
          -0.3033722,
          0,
          -0.11687338,
          0.92252296,
          -0.3678205,
          0,
          0.27995598,
          0.38594204,
          0.87901837,
          0,
          0.7283479,
          0.8953134,
          2.3406045,
          1
        ]
      },
      {
        "date" : 746163213.124956,
        "title" : "Untitled",
        "transform" : [
          0.9528721,
          -0.00023970916,
          -0.3033722,
          0,
          -0.11687339,
          0.92252296,
          -0.36782056,
          0,
          0.27995598,
          0.3859421,
          0.87901837,
          0,
          0.73305756,
          0.9002023,
          2.3557312,
          1
        ]
      },
      {
        "date" : 746163210.206886,
        "title" : "Untitled",
        "transform" : [
          0.9528721,
          -0.00023970916,
          -0.3033722,
          0,
          -0.11687339,
          0.92252296,
          -0.36782056,
          0,
          0.27995598,
          0.3859421,
          0.87901837,
          0,
          0.04440193,
          0.1848737,
          0.14268869,
          1
        ]
      },
      {
        "date" : 746158012.544283,
        "title" : "Untitled",
        "transform" : [
          0.95287216,
          -0.00023970973,
          -0.3033722,
          0,
          -0.11687339,
          0.92252296,
          -0.3678206,
          0,
          0.27995598,
          0.38594216,
          0.8790184,
          0,
          0.24644959,
          1.5123799,
          0.5901227,
          1
        ]
      }
    ],
    "3E764B9E-92E9-42B7-9872-C9E4AA92BBE7" : [
      {
        "date" : 746075037.556111,
        "title" : "Untitled",
        "transform" : [
          1,
          0,
          0,
          0,
          0,
          0.7071069,
          -0.70710677,
          0,
          0,
          0.70710677,
          0.7071069,
          0,
          1.0264013,
          3.4761243,
          2.861178,
          1
        ]
      },
      {
        "date" : 746074988.746265,
        "title" : "Untitled",
        "transform" : [
          1,
          0,
          0,
          0,
          0,
          0.7071069,
          -0.70710677,
          0,
          0,
          0.70710677,
          0.7071069,
          0,
          0.34704113,
          2.8511996,
          1.7221017,
          1
        ]
      },
      {
        "date" : 746074968.675307,
        "title" : "Untitled",
        "transform" : [
          1,
          0,
          0,
          0,
          0,
          0.7071069,
          -0.70710677,
          0,
          0,
          0.70710677,
          0.7071069,
          0,
          0.34704113,
          3.364373,
          2.235275,
          1
        ]
      },
      {
        "date" : 746074966.144359,
        "title" : "Untitled",
        "transform" : [
          1,
          0,
          0,
          0,
          0,
          0.7071069,
          -0.70710677,
          0,
          0,
          0.70710677,
          0.7071069,
          0,
          0,
          2.799824,
          2.7998242,
          1
        ]
      }
    ],
    "AF09ED6F-1707-48FD-8720-65B998362C09" : [
      {
        "date" : 746095963.580593,
        "title" : "Untitled",
        "transform" : [
          0.8617452,
          4.6952238e-09,
          -0.5073414,
          0,
          -0.17509972,
          0.93855417,
          -0.2974158,
          0,
          0.47616738,
          0.34513193,
          0.8087945,
          0,
          -4.1138268,
          2.8847957,
          -10.890423,
          1
        ]
      },
      {
        "date" : 746095961.742881,
        "title" : "Untitled",
        "transform" : [
          0.8617452,
          4.6952238e-09,
          -0.5073414,
          0,
          -0.17509972,
          0.93855417,
          -0.2974158,
          0,
          0.47616738,
          0.34513193,
          0.8087945,
          0,
          0.8094015,
          1.5482309,
          1.3803539,
          1
        ]
      },
      {
        "date" : 746095959.975172,
        "title" : "Untitled",
        "transform" : [
          0.8617452,
          4.6952238e-09,
          -0.5073414,
          0,
          -0.17509972,
          0.93855417,
          -0.2974158,
          0,
          0.47616738,
          0.34513193,
          0.8087945,
          0,
          -5.1803083,
          2.574486,
          -12.049509,
          1
        ]
      },
      {
        "date" : 746095958.144268,
        "title" : "Untitled",
        "transform" : [
          0.8617452,
          -2.7553568e-09,
          -0.5073414,
          0,
          -0.1750997,
          0.93855417,
          -0.2974158,
          0,
          0.47616738,
          0.34513193,
          0.8087945,
          0,
          -4.1138225,
          2.8847952,
          -10.890423,
          1
        ]
      },
      {
        "date" : 746095921.452055,
        "title" : "Untitled",
        "transform" : [
          0.8617452,
          4.2113344e-09,
          -0.5073414,
          0,
          -0.17509972,
          0.9385541,
          -0.29741576,
          0,
          0.4761674,
          0.34513196,
          0.8087945,
          0,
          -3.7048738,
          4.8949265,
          44.381508,
          1
        ]
      },
      {
        "date" : 746095166.680855,
        "title" : "Untitled",
        "transform" : [
          -0.6468106,
          2.8855145e-09,
          0.7626506,
          0,
          0.32136613,
          0.90688384,
          0.27255344,
          0,
          -0.6916356,
          0.42138064,
          -0.5865821,
          0,
          -13.94059,
          6.74837,
          -4.8178215,
          1
        ]
      },
      {
        "date" : 746095139.648694,
        "title" : "Untitled",
        "transform" : [
          0.9153851,
          -1.2474997e-10,
          0.40257922,
          0,
          -0.055150438,
          0.9905721,
          0.12540114,
          0,
          -0.39878374,
          -0.13699275,
          0.906755,
          0,
          -7.7330027,
          -8.165601,
          10.795823,
          1
        ]
      },
      {
        "date" : 746094726.31225,
        "title" : "Untitled",
        "transform" : [
          0.9945632,
          -1.2400077e-09,
          -0.10413479,
          0,
          -0.027760096,
          0.9638132,
          -0.26512918,
          0,
          0.1003665,
          0.2665785,
          0.9585732,
          0,
          -2.4588363,
          4.2220564,
          -9.302671,
          1
        ]
      },
      {
        "date" : 746094721.044238,
        "title" : "Untitled",
        "transform" : [
          0.9945632,
          -1.2400077e-09,
          -0.10413479,
          0,
          -0.027760096,
          0.9638132,
          -0.26512918,
          0,
          0.1003665,
          0.2665785,
          0.9585732,
          0,
          -4.4444413,
          2.3442793,
          -9.835386,
          1
        ]
      },
      {
        "date" : 746094497.14677,
        "title" : "Untitled",
        "transform" : [
          0.9945632,
          -1.2400077e-09,
          -0.10413479,
          0,
          -0.027760096,
          0.9638132,
          -0.26512918,
          0,
          0.1003665,
          0.2665785,
          0.9585732,
          0,
          0.45334494,
          1.2041245,
          4.329821,
          1
        ]
      }
    ]
  },
  "sceneViewportBackgroundColors" : {

  },
  "selectedSceneRelativePath" : "JovitaScene.usda"
}