{
  "advancedEditorSelectedIdentifier" : "ProjectBrowser",
  "openSceneRelativePaths" : [
    "JovitaScene.usda",
    "Immersive.usda",
    "篮球雪屋.usda",
    "BasketballScene.usda",
    "MegaMind.usda"
  ],
  "recentIdentifiers" : {
    "3082B688-6591-43F6-917F-EE9BCED444D5" : [

    ],
    "343586E6-704D-481A-BD79-27FE572B6A3D" : [

    ],
    "67CCEB35-5283-4A0D-AC53-DF56DD02667B" : [

    ],
    "AF09ED6F-1707-48FD-8720-65B998362C09" : [

    ]
  },
  "sceneCameraHistory" : {
    "1F3B0590-B797-4254-8568-70DEBD24E22A" : [
      {
        "date" : 746098906.613305,
        "title" : "Untitled",
        "transform" : [
          0.9095687,
          1.7864306e-08,
          -0.41555342,
          0,
          -0.15743048,
          0.92546004,
          -0.34458593,
          0,
          0.38457808,
          0.37884533,
          0.8417696,
          0,
          1.545095,
          3.412035,
          2.6367366,
          1
        ]
      },
      {
        "date" : 746098111.907874,
        "title" : "Untitled",
        "transform" : [
          0.90956885,
          1.7864307e-08,
          -0.41555348,
          0,
          -0.15743048,
          0.92546004,
          -0.34458593,
          0,
          0.38457808,
          0.37884533,
          0.8417696,
          0,
          3.3834321,
          2.8074064,
          4.3063636,
          1
        ]
      },
      {
        "date" : 746098007.211609,
        "title" : "Untitled",
        "transform" : [
          0.6152733,
          1.0045247e-08,
          0.7883138,
          0,
          0.45894617,
          0.8130549,
          -0.3582042,
          0,
          -0.64094245,
          0.58218706,
          0.500251,
          0,
          -2.7797263,
          3.959997,
          3.8033485,
          1
        ]
      },
      {
        "date" : 746097998.186232,
        "title" : "Untitled",
        "transform" : [
          0.61527336,
          1.0045248e-08,
          0.7883139,
          0,
          0.45894617,
          0.8130549,
          -0.3582042,
          0,
          -0.6409425,
          0.5821871,
          0.50025105,
          0,
          -5.9992847,
          8.541135,
          8.189146,
          1
        ]
      },
      {
        "date" : 746097993.939663,
        "title" : "Untitled",
        "transform" : [
          0.5135741,
          1.4993134e-08,
          0.8580453,
          0,
          0.21643107,
          0.96766543,
          -0.12954259,
          0,
          -0.83030075,
          0.25223738,
          0.49696794,
          0,
          -9.029622,
          4.4762516,
          8.626948,
          1
        ]
      },
      {
        "date" : 746097974.762064,
        "title" : "Untitled",
        "transform" : [
          0.5135741,
          1.4993134e-08,
          0.8580453,
          0,
          0.21643107,
          0.96766543,
          -0.12954259,
          0,
          -0.83030075,
          0.25223738,
          0.49696794,
          0,
          -3.2702925,
          1.622226,
          3.1342502,
          1
        ]
      },
      {
        "date" : 746097969.128718,
        "title" : "Untitled",
        "transform" : [
          0.51357424,
          -5.7813576e-09,
          0.8580452,
          0,
          0.21643105,
          0.9676654,
          -0.12954257,
          0,
          -0.8303007,
          0.25223732,
          0.49696806,
          0,
          -1.9167596,
          0.59083664,
          1.1579844,
          1
        ]
      },
      {
        "date" : 746097959.383123,
        "title" : "Untitled",
        "transform" : [
          0.51357424,
          -5.7813576e-09,
          0.8580452,
          0,
          0.21643105,
          0.9676654,
          -0.12954257,
          0,
          -0.8303007,
          0.25223732,
          0.49696806,
          0,
          -1.0244982,
          0.3162727,
          0.62553674,
          1
        ]
      },
      {
        "date" : 746097676.137234,
        "title" : "Untitled",
        "transform" : [
          0.51357424,
          -5.7813576e-09,
          0.8580452,
          0,
          0.21643108,
          0.9676655,
          -0.12954259,
          0,
          -0.8303007,
          0.25223732,
          0.49696806,
          0,
          -2.1367648,
          0.65853596,
          1.2892704,
          1
        ]
      }
    ],
    "3082B688-6591-43F6-917F-EE9BCED444D5" : [
      {
        "date" : 746187435.81396,
        "title" : "Untitled",
        "transform" : [
          0.99978286,
          -0.00023968276,
          0.02083828,
          0,
          0.014968966,
          0.7039574,
          -0.7100843,
          0,
          -0.014499123,
          0.71024203,
          0.7038081,
          0,
          0.08003494,
          4.475965,
          3.4538157,
          1
        ]
      },
      {
        "date" : 746187432.949017,
        "title" : "Untitled",
        "transform" : [
          0.9997868,
          -0.00023968203,
          0.020649103,
          0,
          0.011229313,
          0.84548354,
          -0.5338836,
          0,
          -0.017330568,
          0.5340015,
          0.8453058,
          0,
          0.07592833,
          3.4566357,
          3.680837,
          1
        ]
      },
      {
        "date" : 746186645.082219,
        "title" : "Untitled",
        "transform" : [
          0.9863369,
          -0.00023968169,
          -0.16474105,
          0,
          -0.018358268,
          0.99361056,
          -0.111360475,
          0,
          0.16371508,
          0.112863295,
          0.98003024,
          0,
          0.87976086,
          1.4086133,
          3.2801197,
          1
        ]
      },
      {
        "date" : 746186643.776474,
        "title" : "Untitled",
        "transform" : [
          0.8497864,
          -0.00023968211,
          -0.52712727,
          0,
          -0.047487713,
          0.99589896,
          -0.077008285,
          0,
          0.5249838,
          0.090472646,
          0.84628993,
          0,
          2.3652039,
          1.3111241,
          2.4655278,
          1
        ]
      },
      {
        "date" : 746186614.460271,
        "title" : "Untitled",
        "transform" : [
          0.64826536,
          -0.00023967918,
          -0.7614145,
          0,
          -0.46883634,
          0.78782076,
          -0.3994134,
          0,
          0.59995383,
          0.6159047,
          0.5106045,
          0,
          3.4298618,
          3.9138017,
          1.6087701,
          1
        ]
      },
      {
        "date" : 746186611.909447,
        "title" : "Untitled",
        "transform" : [
          0.9528721,
          -0.00023968135,
          -0.30337223,
          0,
          -0.1168734,
          0.9225231,
          -0.36782044,
          0,
          0.279956,
          0.38594195,
          0.87901837,
          0,
          2.2613935,
          2.8417768,
          3.812333,
          1
        ]
      },
      {
        "date" : 746163509.944748,
        "title" : "Untitled",
        "transform" : [
          0.9528721,
          -0.00023968135,
          -0.30337223,
          0,
          -0.1168734,
          0.9225231,
          -0.36782044,
          0,
          0.279956,
          0.38594195,
          0.87901837,
          0,
          0.9636384,
          1.0527622,
          -0.26233506,
          1
        ]
      },
      {
        "date" : 746163479.175526,
        "title" : "Untitled",
        "transform" : [
          0.9528721,
          -0.00023968135,
          -0.30337223,
          0,
          -0.1168734,
          0.9225231,
          -0.36782044,
          0,
          0.279956,
          0.38594195,
          0.87901837,
          0,
          0.9658414,
          0.72727865,
          -0.26490033,
          1
        ]
      },
      {
        "date" : 746163477.231432,
        "title" : "Untitled",
        "transform" : [
          0.9528721,
          -0.00023968135,
          -0.30337223,
          0,
          -0.1168734,
          0.9225231,
          -0.36782044,
          0,
          0.279956,
          0.38594195,
          0.87901837,
          0,
          1.3902967,
          1.3124244,
          1.0678234,
          1
        ]
      },
      {
        "date" : 746163456.065653,
        "title" : "Untitled",
        "transform" : [
          0.9528721,
          -0.00023968135,
          -0.30337223,
          0,
          -0.1168734,
          0.9225231,
          -0.36782044,
          0,
          0.279956,
          0.38594195,
          0.87901837,
          0,
          1.0174177,
          0.7983811,
          -0.10295844,
          1
        ]
      }
    ],
    "343586E6-704D-481A-BD79-27FE572B6A3D" : [
      {
        "date" : 746174674.997103,
        "title" : "Untitled",
        "transform" : [
          -0.10764916,
          -1.8513828e-09,
          0.9941889,
          0,
          0.3289046,
          0.94369143,
          0.035613257,
          0,
          -0.9382076,
          0.33082706,
          -0.1015876,
          0,
          1.0125787,
          0.43277836,
          1.5036459,
          1
        ]
      },
      {
        "date" : 746174672.115176,
        "title" : "Untitled",
        "transform" : [
          -0.10764916,
          -1.8513828e-09,
          0.9941889,
          0,
          0.3289046,
          0.94369143,
          0.035613257,
          0,
          -0.9382076,
          0.33082706,
          -0.1015876,
          0,
          1.0125787,
          0.43277836,
          1.5036459,
          1
        ]
      },
      {
        "date" : 746174669.181811,
        "title" : "Untitled",
        "transform" : [
          -0.10764916,
          -1.8513828e-09,
          0.9941889,
          0,
          0.3289046,
          0.94369143,
          0.035613257,
          0,
          -0.9382076,
          0.33082706,
          -0.1015876,
          0,
          0.87875557,
          -0.019804478,
          1.265697,
          1
        ]
      },
      {
        "date" : 746174659.135261,
        "title" : "Untitled",
        "transform" : [
          -0.10764916,
          -1.8513828e-09,
          0.9941889,
          0,
          0.3289046,
          0.94369143,
          0.035613257,
          0,
          -0.9382076,
          0.33082706,
          -0.1015876,
          0,
          1.0054524,
          0.3262868,
          1.2226658,
          1
        ]
      },
      {
        "date" : 746174651.436614,
        "title" : "Untitled",
        "transform" : [
          -0.10764916,
          -1.8513828e-09,
          0.9941889,
          0,
          0.3289046,
          0.94369143,
          0.035613257,
          0,
          -0.9382076,
          0.33082706,
          -0.1015876,
          0,
          1.0663538,
          0.53261113,
          1.332122,
          1
        ]
      },
      {
        "date" : 746174486.6925,
        "title" : "Untitled",
        "transform" : [
          -0.10764916,
          -1.8513828e-09,
          0.9941889,
          0,
          0.3289046,
          0.94369143,
          0.035613257,
          0,
          -0.9382076,
          0.33082706,
          -0.1015876,
          0,
          0.9988523,
          0.3029927,
          1.2077607,
          1
        ]
      },
      {
        "date" : 746174469.851515,
        "title" : "Untitled",
        "transform" : [
          -0.10764916,
          -1.8513828e-09,
          0.9941889,
          0,
          0.3289046,
          0.94369143,
          0.035613257,
          0,
          -0.9382076,
          0.33082706,
          -0.1015876,
          0,
          -0.9569099,
          0.39391065,
          1.4914395,
          1
        ]
      },
      {
        "date" : 746174461.392427,
        "title" : "Untitled",
        "transform" : [
          -0.10764916,
          -1.8513828e-09,
          0.9941889,
          0,
          0.3289046,
          0.94369143,
          0.035613257,
          0,
          -0.9382076,
          0.33082706,
          -0.1015876,
          0,
          -0.40862685,
          1.8073561,
          1.0307807,
          1
        ]
      },
      {
        "date" : 746174452.83078,
        "title" : "Untitled",
        "transform" : [
          -0.10764916,
          -1.8513828e-09,
          0.9941889,
          0,
          0.3289046,
          0.94369143,
          0.035613257,
          0,
          -0.9382076,
          0.33082706,
          -0.1015876,
          0,
          -0.40862685,
          1.8073561,
          1.0307807,
          1
        ]
      },
      {
        "date" : 746174449.297209,
        "title" : "Untitled",
        "transform" : [
          -0.10764917,
          -2.631705e-08,
          0.9941889,
          0,
          0.3289046,
          0.94369143,
          0.035613284,
          0,
          -0.9382076,
          0.33082706,
          -0.1015876,
          0,
          -0.40862685,
          1.8073561,
          1.0307807,
          1
        ]
      }
    ],
    "3E764B9E-92E9-42B7-9872-C9E4AA92BBE7" : [
      {
        "date" : 746075037.556111,
        "title" : "Untitled",
        "transform" : [
          1,
          0,
          0,
          0,
          0,
          0.7071069,
          -0.70710677,
          0,
          0,
          0.70710677,
          0.7071069,
          0,
          1.0264013,
          3.4761243,
          2.861178,
          1
        ]
      },
      {
        "date" : 746074988.746265,
        "title" : "Untitled",
        "transform" : [
          1,
          0,
          0,
          0,
          0,
          0.7071069,
          -0.70710677,
          0,
          0,
          0.70710677,
          0.7071069,
          0,
          0.34704113,
          2.8511996,
          1.7221017,
          1
        ]
      },
      {
        "date" : 746074968.675307,
        "title" : "Untitled",
        "transform" : [
          1,
          0,
          0,
          0,
          0,
          0.7071069,
          -0.70710677,
          0,
          0,
          0.70710677,
          0.7071069,
          0,
          0.34704113,
          3.364373,
          2.235275,
          1
        ]
      },
      {
        "date" : 746074966.144359,
        "title" : "Untitled",
        "transform" : [
          1,
          0,
          0,
          0,
          0,
          0.7071069,
          -0.70710677,
          0,
          0,
          0.70710677,
          0.7071069,
          0,
          0,
          2.799824,
          2.7998242,
          1
        ]
      }
    ],
    "67CCEB35-5283-4A0D-AC53-DF56DD02667B" : [
      {
        "date" : 746182942.523803,
        "title" : "Untitled",
        "transform" : [
          0.99219537,
          -6.49544e-10,
          -0.124692924,
          0,
          -0.05194595,
          0.9090941,
          -0.41333967,
          0,
          0.113357596,
          0.41659093,
          0.9019989,
          0,
          0.17757693,
          0.9868894,
          0.6354798,
          1
        ]
      },
      {
        "date" : 746182907.491492,
        "title" : "Untitled",
        "transform" : [
          0.99219537,
          -6.49544e-10,
          -0.124692924,
          0,
          -0.05194595,
          0.9090941,
          -0.41333967,
          0,
          0.113357596,
          0.41659093,
          0.9019989,
          0,
          0.6093446,
          1.5675756,
          2.1806107,
          1
        ]
      },
      {
        "date" : 746182727.896148,
        "title" : "Untitled",
        "transform" : [
          0.99219537,
          -6.49544e-10,
          -0.124692924,
          0,
          -0.05194595,
          0.9090941,
          -0.41333967,
          0,
          0.113357596,
          0.41659093,
          0.9019989,
          0,
          0.046110734,
          0.8870401,
          0.34947577,
          1
        ]
      },
      {
        "date" : 746182109.213322,
        "title" : "Untitled",
        "transform" : [
          0.99219537,
          -6.49544e-10,
          -0.124692924,
          0,
          -0.05194595,
          0.9090941,
          -0.41333967,
          0,
          0.113357596,
          0.41659093,
          0.9019989,
          0,
          0.06807801,
          0.953205,
          0.51585996,
          1
        ]
      },
      {
        "date" : 746180208.919182,
        "title" : "Untitled",
        "transform" : [
          0.9921954,
          6.680523e-11,
          -0.12469293,
          0,
          -0.051945943,
          0.9090941,
          -0.4133396,
          0,
          0.113357596,
          0.41659093,
          0.90199894,
          0,
          0.5105076,
          1.9166355,
          1.9416561,
          1
        ]
      },
      {
        "date" : 746180203.446329,
        "title" : "Untitled",
        "transform" : [
          0.9921954,
          6.680523e-11,
          -0.12469293,
          0,
          -0.051945943,
          0.9090941,
          -0.4133396,
          0,
          0.113357596,
          0.41659093,
          0.90199894,
          0,
          0.30430207,
          1.4446237,
          1.1573774,
          1
        ]
      },
      {
        "date" : 746180201.8972,
        "title" : "Untitled",
        "transform" : [
          0.9921954,
          6.680523e-11,
          -0.12469293,
          0,
          -0.051945943,
          0.9090941,
          -0.4133396,
          0,
          0.113357596,
          0.41659093,
          0.90199894,
          0,
          0.31331795,
          1.4652613,
          1.1916682,
          1
        ]
      },
      {
        "date" : 746179571.639554,
        "title" : "Untitled",
        "transform" : [
          0.9921954,
          6.680523e-11,
          -0.12469293,
          0,
          -0.051945943,
          0.9090941,
          -0.4133396,
          0,
          0.113357596,
          0.41659093,
          0.90199894,
          0,
          0.8381169,
          2.6665452,
          3.1876786,
          1
        ]
      },
      {
        "date" : 746179560.165092,
        "title" : "Untitled",
        "transform" : [
          0.9921954,
          6.680523e-11,
          -0.12469293,
          0,
          -0.051945943,
          0.9090941,
          -0.4133396,
          0,
          0.113357596,
          0.41659093,
          0.90199894,
          0,
          0.51453686,
          2.2612002,
          3.4155538,
          1
        ]
      },
      {
        "date" : 746179554.714568,
        "title" : "Untitled",
        "transform" : [
          0.99290836,
          1.80161e-08,
          0.118881576,
          0,
          0.049869798,
          0.9077593,
          -0.41651657,
          0,
          -0.10791602,
          0.41949135,
          0.9013218,
          0,
          2.3077722,
          2.1523507,
          3.1854532,
          1
        ]
      }
    ],
    "AF09ED6F-1707-48FD-8720-65B998362C09" : [
      {
        "date" : 746095963.580593,
        "title" : "Untitled",
        "transform" : [
          0.8617452,
          4.6952238e-09,
          -0.5073414,
          0,
          -0.17509972,
          0.93855417,
          -0.2974158,
          0,
          0.47616738,
          0.34513193,
          0.8087945,
          0,
          -4.1138268,
          2.8847957,
          -10.890423,
          1
        ]
      },
      {
        "date" : 746095961.742881,
        "title" : "Untitled",
        "transform" : [
          0.8617452,
          4.6952238e-09,
          -0.5073414,
          0,
          -0.17509972,
          0.93855417,
          -0.2974158,
          0,
          0.47616738,
          0.34513193,
          0.8087945,
          0,
          0.8094015,
          1.5482309,
          1.3803539,
          1
        ]
      },
      {
        "date" : 746095959.975172,
        "title" : "Untitled",
        "transform" : [
          0.8617452,
          4.6952238e-09,
          -0.5073414,
          0,
          -0.17509972,
          0.93855417,
          -0.2974158,
          0,
          0.47616738,
          0.34513193,
          0.8087945,
          0,
          -5.1803083,
          2.574486,
          -12.049509,
          1
        ]
      },
      {
        "date" : 746095958.144268,
        "title" : "Untitled",
        "transform" : [
          0.8617452,
          -2.7553568e-09,
          -0.5073414,
          0,
          -0.1750997,
          0.93855417,
          -0.2974158,
          0,
          0.47616738,
          0.34513193,
          0.8087945,
          0,
          -4.1138225,
          2.8847952,
          -10.890423,
          1
        ]
      },
      {
        "date" : 746095921.452055,
        "title" : "Untitled",
        "transform" : [
          0.8617452,
          4.2113344e-09,
          -0.5073414,
          0,
          -0.17509972,
          0.9385541,
          -0.29741576,
          0,
          0.4761674,
          0.34513196,
          0.8087945,
          0,
          -3.7048738,
          4.8949265,
          44.381508,
          1
        ]
      },
      {
        "date" : 746095166.680855,
        "title" : "Untitled",
        "transform" : [
          -0.6468106,
          2.8855145e-09,
          0.7626506,
          0,
          0.32136613,
          0.90688384,
          0.27255344,
          0,
          -0.6916356,
          0.42138064,
          -0.5865821,
          0,
          -13.94059,
          6.74837,
          -4.8178215,
          1
        ]
      },
      {
        "date" : 746095139.648694,
        "title" : "Untitled",
        "transform" : [
          0.9153851,
          -1.2474997e-10,
          0.40257922,
          0,
          -0.055150438,
          0.9905721,
          0.12540114,
          0,
          -0.39878374,
          -0.13699275,
          0.906755,
          0,
          -7.7330027,
          -8.165601,
          10.795823,
          1
        ]
      },
      {
        "date" : 746094726.31225,
        "title" : "Untitled",
        "transform" : [
          0.9945632,
          -1.2400077e-09,
          -0.10413479,
          0,
          -0.027760096,
          0.9638132,
          -0.26512918,
          0,
          0.1003665,
          0.2665785,
          0.9585732,
          0,
          -2.4588363,
          4.2220564,
          -9.302671,
          1
        ]
      },
      {
        "date" : 746094721.044238,
        "title" : "Untitled",
        "transform" : [
          0.9945632,
          -1.2400077e-09,
          -0.10413479,
          0,
          -0.027760096,
          0.9638132,
          -0.26512918,
          0,
          0.1003665,
          0.2665785,
          0.9585732,
          0,
          -4.4444413,
          2.3442793,
          -9.835386,
          1
        ]
      },
      {
        "date" : 746094497.14677,
        "title" : "Untitled",
        "transform" : [
          0.9945632,
          -1.2400077e-09,
          -0.10413479,
          0,
          -0.027760096,
          0.9638132,
          -0.26512918,
          0,
          0.1003665,
          0.2665785,
          0.9585732,
          0,
          0.45334494,
          1.2041245,
          4.329821,
          1
        ]
      }
    ],
    "E7195668-5E9A-474B-858A-C0B33B6D89A6" : [
      {
        "date" : 746166795.678312,
        "title" : "Untitled",
        "transform" : [
          1,
          0,
          0,
          0,
          0,
          0.7071069,
          -0.70710677,
          0,
          0,
          0.70710677,
          0.7071069,
          0,
          0,
          2.5451326,
          2.545133,
          1
        ]
      }
    ]
  },
  "sceneViewportBackgroundColors" : {

  },
  "selectedSceneRelativePath" : "JovitaScene.usda"
}