{
  "advancedEditorSelectedIdentifier" : "ProjectBrowser",
  "openSceneRelativePaths" : [
    "Immersive.usda",
    "JovitaScene.usda"
  ],
  "recentIdentifiers" : {

  },
  "sceneCameraHistory" : {
    "3082B688-6591-43F6-917F-EE9BCED444D5" : [
      {
        "date" : 746084549.851876,
        "title" : "Untitled",
        "transform" : [
          0.95700485,
          -6.7093557e-09,
          -0.29007208,
          0,
          -0.08206308,
          0.9591477,
          -0.27074236,
          0,
          0.27822205,
          0.282906,
          0.9179089,
          0,
          0.74856603,
          1.6173849,
          3.16247,
          1
        ]
      },
      {
        "date" : 746084546.206427,
        "title" : "Untitled",
        "transform" : [
          0.95700485,
          -6.7093557e-09,
          -0.29007208,
          0,
          -0.08206308,
          0.9591477,
          -0.27074236,
          0,
          0.27822205,
          0.282906,
          0.9179089,
          0,
          1.8310833,
          0.94267833,
          -0.2943287,
          1
        ]
      },
      {
        "date" : 746084537.228434,
        "title" : "Untitled",
        "transform" : [
          0.96121424,
          -6.7093557e-09,
          -0.27580282,
          0,
          -0.07802622,
          0.9591477,
          -0.27193323,
          0,
          0.26453575,
          0.282906,
          0.92194635,
          0,
          0.19691023,
          0.9370316,
          0.40461385,
          1
        ]
      },
      {
        "date" : 746084531.259466,
        "title" : "Untitled",
        "transform" : [
          0.96121424,
          -6.7093557e-09,
          -0.27580282,
          0,
          -0.07802622,
          0.9591477,
          -0.27193323,
          0,
          0.26453575,
          0.282906,
          0.92194635,
          0,
          0.51056623,
          1.2724692,
          1.4977522,
          1
        ]
      },
      {
        "date" : 746084525.161792,
        "title" : "Untitled",
        "transform" : [
          0.96121424,
          -6.7093557e-09,
          -0.27580282,
          0,
          -0.07802622,
          0.9591477,
          -0.27193323,
          0,
          0.26453575,
          0.282906,
          0.92194635,
          0,
          0.47531706,
          1.2347721,
          1.3749032,
          1
        ]
      },
      {
        "date" : 746084521.300692,
        "title" : "Untitled",
        "transform" : [
          0.96121424,
          -6.7093557e-09,
          -0.27580282,
          0,
          -0.07802622,
          0.9591477,
          -0.27193323,
          0,
          0.26453575,
          0.282906,
          0.92194635,
          0,
          1.3925833,
          1.3664622,
          1.0713003,
          1
        ]
      },
      {
        "date" : 746084519.312486,
        "title" : "Untitled",
        "transform" : [
          0.96121436,
          -6.7093566e-09,
          -0.27580285,
          0,
          -0.07802622,
          0.9591477,
          -0.27193323,
          0,
          0.26453573,
          0.28290597,
          0.9219462,
          0,
          1.1523421,
          1.2859799,
          0.6966685,
          1
        ]
      },
      {
        "date" : 746083687.538638,
        "title" : "Untitled",
        "transform" : [
          0.8294029,
          -4.7592357e-09,
          -0.5586509,
          0,
          -0.07751844,
          0.99032605,
          -0.11508808,
          0,
          0.5532466,
          0.13876015,
          0.8213793,
          0,
          1.6693265,
          0.9810451,
          0.28270197,
          1
        ]
      },
      {
        "date" : 746083673.652458,
        "title" : "Untitled",
        "transform" : [
          0.9938061,
          -3.4075929e-09,
          0.111127436,
          0,
          0.02692394,
          0.9702065,
          -0.24077901,
          0,
          -0.10781653,
          0.24227963,
          0.9641971,
          0,
          0.09764467,
          1.2971959,
          2.540843,
          1
        ]
      },
      {
        "date" : 746083670.189908,
        "title" : "Untitled",
        "transform" : [
          0.967987,
          -3.7596726e-09,
          -0.2510002,
          0,
          -0.05943039,
          0.97156465,
          -0.2291945,
          0,
          0.24386294,
          0.23677436,
          0.940462,
          0,
          1.0001662,
          1.2829185,
          2.345618,
          1
        ]
      }
    ],
    "3E764B9E-92E9-42B7-9872-C9E4AA92BBE7" : [
      {
        "date" : 746075037.556111,
        "title" : "Untitled",
        "transform" : [
          1,
          0,
          0,
          0,
          0,
          0.7071069,
          -0.70710677,
          0,
          0,
          0.70710677,
          0.7071069,
          0,
          1.0264013,
          3.4761243,
          2.861178,
          1
        ]
      },
      {
        "date" : 746074988.746265,
        "title" : "Untitled",
        "transform" : [
          1,
          0,
          0,
          0,
          0,
          0.7071069,
          -0.70710677,
          0,
          0,
          0.70710677,
          0.7071069,
          0,
          0.34704113,
          2.8511996,
          1.7221017,
          1
        ]
      },
      {
        "date" : 746074968.675307,
        "title" : "Untitled",
        "transform" : [
          1,
          0,
          0,
          0,
          0,
          0.7071069,
          -0.70710677,
          0,
          0,
          0.70710677,
          0.7071069,
          0,
          0.34704113,
          3.364373,
          2.235275,
          1
        ]
      },
      {
        "date" : 746074966.144359,
        "title" : "Untitled",
        "transform" : [
          1,
          0,
          0,
          0,
          0,
          0.7071069,
          -0.70710677,
          0,
          0,
          0.70710677,
          0.7071069,
          0,
          0,
          2.799824,
          2.7998242,
          1
        ]
      }
    ]
  },
  "sceneViewportBackgroundColors" : {

  },
  "selectedSceneRelativePath" : "JovitaScene.usda"
}