{
  "advancedEditorSelectedIdentifier" : "ProjectBrowser",
  "openSceneRelativePaths" : [
    "Immersive.usda",
    "JovitaScene.usda"
  ],
  "recentIdentifiers" : {

  },
  "sceneCameraHistory" : {
    "3082B688-6591-43F6-917F-EE9BCED444D5" : [
      {
        "date" : 746083687.538638,
        "title" : "Untitled",
        "transform" : [
          0.8294029,
          -4.7592357e-09,
          -0.5586509,
          0,
          -0.07751844,
          0.99032605,
          -0.11508808,
          0,
          0.5532466,
          0.13876015,
          0.8213793,
          0,
          1.6693265,
          0.9810451,
          0.28270197,
          1
        ]
      },
      {
        "date" : 746083673.652458,
        "title" : "Untitled",
        "transform" : [
          0.9938061,
          -3.4075929e-09,
          0.111127436,
          0,
          0.02692394,
          0.9702065,
          -0.24077901,
          0,
          -0.10781653,
          0.24227963,
          0.9641971,
          0,
          0.09764467,
          1.2971959,
          2.540843,
          1
        ]
      },
      {
        "date" : 746083670.189908,
        "title" : "Untitled",
        "transform" : [
          0.967987,
          -3.7596726e-09,
          -0.2510002,
          0,
          -0.05943039,
          0.97156465,
          -0.2291945,
          0,
          0.24386294,
          0.23677436,
          0.940462,
          0,
          1.0001662,
          1.2829185,
          2.345618,
          1
        ]
      },
      {
        "date" : 746083667.77983,
        "title" : "Untitled",
        "transform" : [
          0.967987,
          -3.7596726e-09,
          -0.2510002,
          0,
          -0.059430398,
          0.97156477,
          -0.22919454,
          0,
          0.24386294,
          0.23677436,
          0.940462,
          0,
          0.71462375,
          0.91665167,
          1.6759558,
          1
        ]
      },
      {
        "date" : 746083663.809244,
        "title" : "Untitled",
        "transform" : [
          0.8985852,
          -1.93084e-09,
          0.43879923,
          0,
          0.19513139,
          0.8956825,
          -0.39959535,
          0,
          -0.39302474,
          0.4446939,
          0.80484706,
          0,
          -1.2298503,
          1.5467811,
          1.4070529,
          1
        ]
      },
      {
        "date" : 746083659.315739,
        "title" : "Untitled",
        "transform" : [
          0.8985852,
          -1.93084e-09,
          0.43879923,
          0,
          0.19513139,
          0.8956825,
          -0.39959535,
          0,
          -0.39302474,
          0.4446939,
          0.80484706,
          0,
          1.0501145,
          1.6815991,
          5.1123495,
          1
        ]
      },
      {
        "date" : 746083653.846048,
        "title" : "Untitled",
        "transform" : [
          -0.9676813,
          -2.4578664e-09,
          0.25217637,
          0,
          0.105350465,
          0.90855515,
          0.4042634,
          0,
          -0.22911613,
          0.417765,
          -0.87919176,
          0,
          -4.8475018,
          1.5284011,
          -5.151117,
          1
        ]
      },
      {
        "date" : 746083642.890775,
        "title" : "Untitled",
        "transform" : [
          0.97463524,
          3.5114174e-09,
          -0.2237991,
          0,
          -0.08178239,
          0.9308398,
          -0.35615864,
          0,
          0.20832108,
          0.36542758,
          0.90722936,
          0,
          0.42161337,
          2.0026848,
          2.0397027,
          1
        ]
      },
      {
        "date" : 746083641.413685,
        "title" : "Untitled",
        "transform" : [
          0.9683319,
          2.5963185e-09,
          -0.24966675,
          0,
          -0.14163025,
          0.8235271,
          -0.54931235,
          0,
          0.20560732,
          0.567277,
          0.79744744,
          0,
          0.42194906,
          2.6902456,
          1.7050636,
          1
        ]
      },
      {
        "date" : 746083639.198819,
        "title" : "Untitled",
        "transform" : [
          0.98787504,
          2.202544e-09,
          -0.15525138,
          0,
          -0.07757144,
          0.86622715,
          -0.49359226,
          0,
          0.13448295,
          0.49965054,
          0.85572416,
          0,
          0.18733798,
          2.4688435,
          1.8873658,
          1
        ]
      }
    ],
    "3E764B9E-92E9-42B7-9872-C9E4AA92BBE7" : [
      {
        "date" : 746075037.556111,
        "title" : "Untitled",
        "transform" : [
          1,
          0,
          0,
          0,
          0,
          0.7071069,
          -0.70710677,
          0,
          0,
          0.70710677,
          0.7071069,
          0,
          1.0264013,
          3.4761243,
          2.861178,
          1
        ]
      },
      {
        "date" : 746074988.746265,
        "title" : "Untitled",
        "transform" : [
          1,
          0,
          0,
          0,
          0,
          0.7071069,
          -0.70710677,
          0,
          0,
          0.70710677,
          0.7071069,
          0,
          0.34704113,
          2.8511996,
          1.7221017,
          1
        ]
      },
      {
        "date" : 746074968.675307,
        "title" : "Untitled",
        "transform" : [
          1,
          0,
          0,
          0,
          0,
          0.7071069,
          -0.70710677,
          0,
          0,
          0.70710677,
          0.7071069,
          0,
          0.34704113,
          3.364373,
          2.235275,
          1
        ]
      },
      {
        "date" : 746074966.144359,
        "title" : "Untitled",
        "transform" : [
          1,
          0,
          0,
          0,
          0,
          0.7071069,
          -0.70710677,
          0,
          0,
          0.70710677,
          0.7071069,
          0,
          0,
          2.799824,
          2.7998242,
          1
        ]
      }
    ]
  },
  "sceneViewportBackgroundColors" : {

  },
  "selectedSceneRelativePath" : "JovitaScene.usda"
}