{
  "advancedEditorSelectedIdentifier" : "ProjectBrowser",
  "openSceneRelativePaths" : [
    "JovitaScene.usda",
    "Immersive.usda"
  ],
  "recentIdentifiers" : {
    "AF09ED6F-1707-48FD-8720-65B998362C09" : [

    ]
  },
  "sceneCameraHistory" : {
    "3082B688-6591-43F6-917F-EE9BCED444D5" : [
      {
        "date" : 746093657.437689,
        "title" : "Untitled",
        "transform" : [
          0.95700485,
          -6.7093557e-09,
          -0.29007208,
          0,
          -0.08206308,
          0.9591477,
          -0.27074236,
          0,
          0.27822205,
          0.282906,
          0.9179089,
          0,
          0.83264035,
          1.0686009,
          0.29368138,
          1
        ]
      },
      {
        "date" : 746093654.531054,
        "title" : "Untitled",
        "transform" : [
          0.95700485,
          -6.7093557e-09,
          -0.29007208,
          0,
          -0.08206308,
          0.9591477,
          -0.27074236,
          0,
          0.27822205,
          0.282906,
          0.9179089,
          0,
          0.53309584,
          0.65784866,
          0.5110716,
          1
        ]
      },
      {
        "date" : 746093651.823966,
        "title" : "Untitled",
        "transform" : [
          0.95700485,
          -6.7093557e-09,
          -0.29007208,
          0,
          -0.08206308,
          0.9591477,
          -0.27074236,
          0,
          0.27822205,
          0.282906,
          0.9179089,
          0,
          1.3973975,
          1.5366988,
          3.362564,
          1
        ]
      },
      {
        "date" : 746093640.73516,
        "title" : "Untitled",
        "transform" : [
          0.95700485,
          -6.7093557e-09,
          -0.29007208,
          0,
          -0.08206308,
          0.9591477,
          -0.27074236,
          0,
          0.27822205,
          0.282906,
          0.9179089,
          0,
          0.7241021,
          1.2298827,
          1.2121192,
          1
        ]
      },
      {
        "date" : 746084549.851876,
        "title" : "Untitled",
        "transform" : [
          0.95700485,
          -6.7093557e-09,
          -0.29007208,
          0,
          -0.08206308,
          0.9591477,
          -0.27074236,
          0,
          0.27822205,
          0.282906,
          0.9179089,
          0,
          0.74856603,
          1.6173849,
          3.16247,
          1
        ]
      },
      {
        "date" : 746084546.206427,
        "title" : "Untitled",
        "transform" : [
          0.95700485,
          -6.7093557e-09,
          -0.29007208,
          0,
          -0.08206308,
          0.9591477,
          -0.27074236,
          0,
          0.27822205,
          0.282906,
          0.9179089,
          0,
          1.8310833,
          0.94267833,
          -0.2943287,
          1
        ]
      },
      {
        "date" : 746084537.228434,
        "title" : "Untitled",
        "transform" : [
          0.96121424,
          -6.7093557e-09,
          -0.27580282,
          0,
          -0.07802622,
          0.9591477,
          -0.27193323,
          0,
          0.26453575,
          0.282906,
          0.92194635,
          0,
          0.19691023,
          0.9370316,
          0.40461385,
          1
        ]
      },
      {
        "date" : 746084531.259466,
        "title" : "Untitled",
        "transform" : [
          0.96121424,
          -6.7093557e-09,
          -0.27580282,
          0,
          -0.07802622,
          0.9591477,
          -0.27193323,
          0,
          0.26453575,
          0.282906,
          0.92194635,
          0,
          0.51056623,
          1.2724692,
          1.4977522,
          1
        ]
      },
      {
        "date" : 746084525.161792,
        "title" : "Untitled",
        "transform" : [
          0.96121424,
          -6.7093557e-09,
          -0.27580282,
          0,
          -0.07802622,
          0.9591477,
          -0.27193323,
          0,
          0.26453575,
          0.282906,
          0.92194635,
          0,
          0.47531706,
          1.2347721,
          1.3749032,
          1
        ]
      },
      {
        "date" : 746084521.300692,
        "title" : "Untitled",
        "transform" : [
          0.96121424,
          -6.7093557e-09,
          -0.27580282,
          0,
          -0.07802622,
          0.9591477,
          -0.27193323,
          0,
          0.26453575,
          0.282906,
          0.92194635,
          0,
          1.3925833,
          1.3664622,
          1.0713003,
          1
        ]
      }
    ],
    "3E764B9E-92E9-42B7-9872-C9E4AA92BBE7" : [
      {
        "date" : 746075037.556111,
        "title" : "Untitled",
        "transform" : [
          1,
          0,
          0,
          0,
          0,
          0.7071069,
          -0.70710677,
          0,
          0,
          0.70710677,
          0.7071069,
          0,
          1.0264013,
          3.4761243,
          2.861178,
          1
        ]
      },
      {
        "date" : 746074988.746265,
        "title" : "Untitled",
        "transform" : [
          1,
          0,
          0,
          0,
          0,
          0.7071069,
          -0.70710677,
          0,
          0,
          0.70710677,
          0.7071069,
          0,
          0.34704113,
          2.8511996,
          1.7221017,
          1
        ]
      },
      {
        "date" : 746074968.675307,
        "title" : "Untitled",
        "transform" : [
          1,
          0,
          0,
          0,
          0,
          0.7071069,
          -0.70710677,
          0,
          0,
          0.70710677,
          0.7071069,
          0,
          0.34704113,
          3.364373,
          2.235275,
          1
        ]
      },
      {
        "date" : 746074966.144359,
        "title" : "Untitled",
        "transform" : [
          1,
          0,
          0,
          0,
          0,
          0.7071069,
          -0.70710677,
          0,
          0,
          0.70710677,
          0.7071069,
          0,
          0,
          2.799824,
          2.7998242,
          1
        ]
      }
    ],
    "AF09ED6F-1707-48FD-8720-65B998362C09" : [
      {
        "date" : 746095963.580593,
        "title" : "Untitled",
        "transform" : [
          0.8617452,
          4.6952238e-09,
          -0.5073414,
          0,
          -0.17509972,
          0.93855417,
          -0.2974158,
          0,
          0.47616738,
          0.34513193,
          0.8087945,
          0,
          -4.1138268,
          2.8847957,
          -10.890423,
          1
        ]
      },
      {
        "date" : 746095961.742881,
        "title" : "Untitled",
        "transform" : [
          0.8617452,
          4.6952238e-09,
          -0.5073414,
          0,
          -0.17509972,
          0.93855417,
          -0.2974158,
          0,
          0.47616738,
          0.34513193,
          0.8087945,
          0,
          0.8094015,
          1.5482309,
          1.3803539,
          1
        ]
      },
      {
        "date" : 746095959.975172,
        "title" : "Untitled",
        "transform" : [
          0.8617452,
          4.6952238e-09,
          -0.5073414,
          0,
          -0.17509972,
          0.93855417,
          -0.2974158,
          0,
          0.47616738,
          0.34513193,
          0.8087945,
          0,
          -5.1803083,
          2.574486,
          -12.049509,
          1
        ]
      },
      {
        "date" : 746095958.144268,
        "title" : "Untitled",
        "transform" : [
          0.8617452,
          -2.7553568e-09,
          -0.5073414,
          0,
          -0.1750997,
          0.93855417,
          -0.2974158,
          0,
          0.47616738,
          0.34513193,
          0.8087945,
          0,
          -4.1138225,
          2.8847952,
          -10.890423,
          1
        ]
      },
      {
        "date" : 746095921.452055,
        "title" : "Untitled",
        "transform" : [
          0.8617452,
          4.2113344e-09,
          -0.5073414,
          0,
          -0.17509972,
          0.9385541,
          -0.29741576,
          0,
          0.4761674,
          0.34513196,
          0.8087945,
          0,
          -3.7048738,
          4.8949265,
          44.381508,
          1
        ]
      },
      {
        "date" : 746095166.680855,
        "title" : "Untitled",
        "transform" : [
          -0.6468106,
          2.8855145e-09,
          0.7626506,
          0,
          0.32136613,
          0.90688384,
          0.27255344,
          0,
          -0.6916356,
          0.42138064,
          -0.5865821,
          0,
          -13.94059,
          6.74837,
          -4.8178215,
          1
        ]
      },
      {
        "date" : 746095139.648694,
        "title" : "Untitled",
        "transform" : [
          0.9153851,
          -1.2474997e-10,
          0.40257922,
          0,
          -0.055150438,
          0.9905721,
          0.12540114,
          0,
          -0.39878374,
          -0.13699275,
          0.906755,
          0,
          -7.7330027,
          -8.165601,
          10.795823,
          1
        ]
      },
      {
        "date" : 746094726.31225,
        "title" : "Untitled",
        "transform" : [
          0.9945632,
          -1.2400077e-09,
          -0.10413479,
          0,
          -0.027760096,
          0.9638132,
          -0.26512918,
          0,
          0.1003665,
          0.2665785,
          0.9585732,
          0,
          -2.4588363,
          4.2220564,
          -9.302671,
          1
        ]
      },
      {
        "date" : 746094721.044238,
        "title" : "Untitled",
        "transform" : [
          0.9945632,
          -1.2400077e-09,
          -0.10413479,
          0,
          -0.027760096,
          0.9638132,
          -0.26512918,
          0,
          0.1003665,
          0.2665785,
          0.9585732,
          0,
          -4.4444413,
          2.3442793,
          -9.835386,
          1
        ]
      },
      {
        "date" : 746094497.14677,
        "title" : "Untitled",
        "transform" : [
          0.9945632,
          -1.2400077e-09,
          -0.10413479,
          0,
          -0.027760096,
          0.9638132,
          -0.26512918,
          0,
          0.1003665,
          0.2665785,
          0.9585732,
          0,
          0.45334494,
          1.2041245,
          4.329821,
          1
        ]
      }
    ]
  },
  "sceneViewportBackgroundColors" : {

  },
  "selectedSceneRelativePath" : "Immersive.usda"
}