{
  "advancedEditorSelectedIdentifier" : "ProjectBrowser",
  "openSceneRelativePaths" : [
    "BasketballScene.usda",
    "JovitaScene.usda",
    "Tv.usda"
  ],
  "recentIdentifiers" : {
    "3082B688-6591-43F6-917F-EE9BCED444D5" : [

    ]
  },
  "sceneCameraHistory" : {
    "3082B688-6591-43F6-917F-EE9BCED444D5" : [
      {
        "date" : 755064828.948433,
        "title" : "Untitled",
        "transform" : [
          -0.8577085,
          0.0006519787,
          0.51413596,
          0,
          0.23895325,
          0.8859382,
          0.39751083,
          0,
          -0.4552335,
          0.46380284,
          -0.76003253,
          0,
          -0.21583335,
          0.39927846,
          -0.30784166,
          1
        ]
      },
      {
        "date" : 755064815.684181,
        "title" : "Untitled",
        "transform" : [
          -0.8577085,
          0.0006519787,
          0.51413596,
          0,
          0.23895325,
          0.8859382,
          0.39751083,
          0,
          -0.4552335,
          0.46380284,
          -0.76003253,
          0,
          -0.52502817,
          0.58682597,
          -0.7488442,
          1
        ]
      },
      {
        "date" : 755064810.609556,
        "title" : "Untitled",
        "transform" : [
          -0.8577085,
          0.0006519777,
          0.514136,
          0,
          0.23895326,
          0.8859382,
          0.39751083,
          0,
          -0.45523354,
          0.46380287,
          -0.7600325,
          0,
          -0.31803587,
          0.35546985,
          -0.45361236,
          1
        ]
      },
      {
        "date" : 755064801.463954,
        "title" : "Untitled",
        "transform" : [
          -0.85770845,
          0.0006519763,
          0.514136,
          0,
          0.23895329,
          0.88593817,
          0.39751083,
          0,
          -0.45523354,
          0.4638028,
          -0.76003236,
          0,
          -0.33311954,
          0.321371,
          -0.9161727,
          1
        ]
      },
      {
        "date" : 755064791.08007,
        "title" : "Untitled",
        "transform" : [
          0.8141084,
          0.00034603185,
          0.5807128,
          0,
          -0.41156316,
          0.70583296,
          0.5765549,
          0,
          -0.40968674,
          -0.7083782,
          0.574767,
          0,
          0.5778696,
          -0.041563742,
          0.46338773,
          1
        ]
      },
      {
        "date" : 755062566.602514,
        "title" : "Untitled",
        "transform" : [
          0.58349776,
          0.0003460778,
          0.8121147,
          0,
          0.30845508,
          0.92496705,
          -0.22201657,
          0,
          -0.7512562,
          0.38004714,
          0.53960943,
          0,
          6574.9536,
          117.09075,
          -5540.403,
          1
        ]
      },
      {
        "date" : 755062555.378168,
        "title" : "Untitled",
        "transform" : [
          0.58349776,
          0.0003460778,
          0.8121147,
          0,
          0.30845508,
          0.92496705,
          -0.22201657,
          0,
          -0.7512562,
          0.38004714,
          0.53960943,
          0,
          -2499.9844,
          4705.911,
          976.723,
          1
        ]
      },
      {
        "date" : 755062552.531049,
        "title" : "Untitled",
        "transform" : [
          0.58349776,
          0.0003460778,
          0.8121147,
          0,
          0.30845508,
          0.92496705,
          -0.22201657,
          0,
          -0.7512562,
          0.38004714,
          0.53960943,
          0,
          -3743.712,
          4441.262,
          1454.6404,
          1
        ]
      },
      {
        "date" : 755062533.899724,
        "title" : "Untitled",
        "transform" : [
          0.58349776,
          0.0003460778,
          0.8121147,
          0,
          0.30845508,
          0.92496705,
          -0.22201657,
          0,
          -0.7512562,
          0.38004714,
          0.53960943,
          0,
          -2537.155,
          4698.001,
          991.00635,
          1
        ]
      },
      {
        "date" : 755062517.333286,
        "title" : "Untitled",
        "transform" : [
          0.58349776,
          0.0003460778,
          0.8121147,
          0,
          0.30845508,
          0.92496705,
          -0.22201657,
          0,
          -0.7512562,
          0.38004714,
          0.53960943,
          0,
          -11415.552,
          9198.518,
          7376.4146,
          1
        ]
      }
    ],
    "67CCEB35-5283-4A0D-AC53-DF56DD02667B" : [
      {
        "date" : 754991079.514352,
        "title" : "Untitled",
        "transform" : [
          1,
          0,
          0,
          0,
          0,
          0.7071069,
          -0.70710677,
          0,
          0,
          0.70710677,
          0.7071069,
          0,
          0,
          2.7178473,
          2.7178476,
          1
        ]
      },
      {
        "date" : 754991076.183649,
        "title" : "Untitled",
        "transform" : [
          1,
          0,
          0,
          0,
          0,
          0.7071069,
          -0.70710677,
          0,
          0,
          0.70710677,
          0.7071069,
          0,
          0,
          1.8210174,
          1.8210176,
          1
        ]
      }
    ],
    "75E0BB9D-28F4-422B-81CC-535625DA384C" : [
      {
        "date" : 755066176.705695,
        "title" : "Untitled",
        "transform" : [
          1,
          0,
          0,
          0,
          0,
          0.7071069,
          -0.70710677,
          0,
          0,
          0.70710677,
          0.7071069,
          0,
          6.319316,
          12.216571,
          17.859386,
          1
        ]
      },
      {
        "date" : 755066151.856382,
        "title" : "Untitled",
        "transform" : [
          1,
          0,
          0,
          0,
          0,
          0.7071069,
          -0.70710677,
          0,
          0,
          0.70710677,
          0.7071069,
          0,
          0,
          64.23613,
          64.236145,
          1
        ]
      }
    ],
    "FD57038C-66AF-46BA-B08C-80EDCB6F8C20" : [
      {
        "date" : 755063055.868098,
        "title" : "Untitled",
        "transform" : [
          0.94692296,
          1.2010448e-08,
          -0.3214607,
          0,
          -0.17662829,
          0.8355231,
          -0.52029186,
          0,
          0.2685878,
          0.54945534,
          0.79117596,
          0,
          22.240395,
          77.40989,
          47.91282,
          1
        ]
      },
      {
        "date" : 755063045.147602,
        "title" : "Untitled",
        "transform" : [
          0.94692296,
          1.2010448e-08,
          -0.3214607,
          0,
          -0.17662829,
          0.8355231,
          -0.52029186,
          0,
          0.2685878,
          0.54945534,
          0.79117596,
          0,
          22.990885,
          77.03062,
          47.04886,
          1
        ]
      },
      {
        "date" : 755063013.680454,
        "title" : "Untitled",
        "transform" : [
          0.22807725,
          -1.1372174e-09,
          -0.9736431,
          0,
          -0.44366783,
          0.89014465,
          -0.1039298,
          0,
          0.8666832,
          0.45567814,
          0.20302173,
          0,
          105.5095,
          103.775,
          14.541539,
          1
        ]
      },
      {
        "date" : 755062994.554618,
        "title" : "Untitled",
        "transform" : [
          0.45685163,
          -2.0296556e-09,
          0.88954294,
          0,
          0.19402412,
          0.9759227,
          -0.09964694,
          0,
          -0.86812514,
          0.21811664,
          0.4458519,
          0,
          -72.970116,
          50.05896,
          62.824154,
          1
        ]
      },
      {
        "date" : 755062981.679174,
        "title" : "Untitled",
        "transform" : [
          0.45685163,
          -2.0296556e-09,
          0.88954294,
          0,
          0.19402412,
          0.9759227,
          -0.09964694,
          0,
          -0.86812514,
          0.21811664,
          0.4458519,
          0,
          -72.79506,
          50.033157,
          62.912273,
          1
        ]
      },
      {
        "date" : 755062966.928692,
        "title" : "Untitled",
        "transform" : [
          0.3757076,
          -3.4202057e-09,
          0.9267383,
          0,
          0.15677585,
          0.985587,
          -0.06355825,
          0,
          -0.9133812,
          0.16916949,
          0.37029248,
          0,
          -78.8764,
          51.086197,
          62.51857,
          1
        ]
      },
      {
        "date" : 755062812.556784,
        "title" : "Untitled",
        "transform" : [
          0.3757076,
          -3.4202057e-09,
          0.9267383,
          0,
          0.15677585,
          0.985587,
          -0.06355825,
          0,
          -0.9133812,
          0.16916949,
          0.37029248,
          0,
          -82.246864,
          51.549713,
          61.39079,
          1
        ]
      },
      {
        "date" : 755062809.927084,
        "title" : "Untitled",
        "transform" : [
          0.30355304,
          -3.4145513e-09,
          0.9528146,
          0,
          0.15706113,
          0.98632056,
          -0.05003742,
          0,
          -0.93978053,
          0.16483913,
          0.2994006,
          0,
          -86.48345,
          51.30325,
          58.344,
          1
        ]
      },
      {
        "date" : 755062782.411036,
        "title" : "Untitled",
        "transform" : [
          0.54309297,
          1.6340831e-09,
          0.8396725,
          0,
          0.2524965,
          0.9537161,
          -0.16331257,
          0,
          -0.80080926,
          0.30070832,
          0.51795655,
          0,
          -62.865646,
          59.67973,
          66.76014,
          1
        ]
      },
      {
        "date" : 755062771.411611,
        "title" : "Untitled",
        "transform" : [
          0.0067103524,
          -1.48354395e-08,
          0.99997747,
          0,
          0.13332686,
          0.99107176,
          -0.0008946827,
          0,
          -0.9910494,
          0.13332982,
          0.0066504716,
          0,
          -100.15618,
          48.763504,
          48.398422,
          1
        ]
      }
    ]
  },
  "sceneViewportBackgroundColors" : {

  },
  "selectedSceneRelativePath" : "Tv.usda"
}