{
  "advancedEditorSelectedIdentifier" : "ProjectBrowser",
  "openSceneRelativePaths" : [
    "BasketballScene.usda",
    "WhiteMyth.usda"
  ],
  "recentIdentifiers" : {
    "BD5A1786-3368-4FBD-B73C-7180B58F78D9" : [

    ]
  },
  "sceneCameraHistory" : {
    "BD5A1786-3368-4FBD-B73C-7180B58F78D9" : [
      {
        "date" : 755516603.806057,
        "title" : "Untitled",
        "transform" : [
          0.9800552,
          -2.412325e-08,
          0.1987252,
          0,
          0.062250458,
          0.9496708,
          -0.30700198,
          0,
          -0.18872322,
          0.3132495,
          0.93073,
          0,
          -0.65859044,
          0.90347266,
          1.82742,
          1
        ]
      },
      {
        "date" : 755516601.001018,
        "title" : "Untitled",
        "transform" : [
          0.9622997,
          -2.4692726e-08,
          0.27199176,
          0,
          0.1582658,
          0.81327623,
          -0.55994076,
          0,
          -0.22120416,
          0.58187765,
          0.78261554,
          0,
          -0.69853294,
          1.4230258,
          1.4465456,
          1
        ]
      },
      {
        "date" : 755516594.308986,
        "title" : "Untitled",
        "transform" : [
          0.93268615,
          -2.4081531e-08,
          0.3606891,
          0,
          0.19577095,
          0.8398816,
          -0.50623375,
          0,
          -0.30293587,
          0.5427695,
          0.78334606,
          0,
          -0.96256757,
          1.2942071,
          1.4334286,
          1
        ]
      },
      {
        "date" : 755516592.375544,
        "title" : "Untitled",
        "transform" : [
          0.93268615,
          -2.4081531e-08,
          0.3606891,
          0,
          0.19577095,
          0.8398816,
          -0.50623375,
          0,
          -0.30293587,
          0.5427695,
          0.78334606,
          0,
          -0.87308276,
          1.1664543,
          1.1932609,
          1
        ]
      },
      {
        "date" : 755516582.991427,
        "title" : "Untitled",
        "transform" : [
          0.9687378,
          -9.846945e-09,
          0.24808748,
          0,
          0.046937138,
          0.9819392,
          -0.1832819,
          0,
          -0.24360655,
          0.18919645,
          0.9512417,
          0,
          -0.6610539,
          0.14064127,
          1.5557568,
          1
        ]
      },
      {
        "date" : 755516573.242232,
        "title" : "Untitled",
        "transform" : [
          0.9163437,
          -3.7371986e-09,
          0.40039274,
          0,
          0.25324142,
          0.7745742,
          -0.5795718,
          0,
          -0.3101337,
          0.6324829,
          0.7097764,
          0,
          -0.911405,
          1.4358175,
          1.0129683,
          1
        ]
      },
      {
        "date" : 755516542.139235,
        "title" : "Untitled",
        "transform" : [
          0.9163437,
          -3.7371986e-09,
          0.40039274,
          0,
          0.25324142,
          0.7745742,
          -0.5795718,
          0,
          -0.3101337,
          0.6324829,
          0.7097764,
          0,
          -0.6708893,
          1.0357999,
          0.44217062,
          1
        ]
      },
      {
        "date" : 755516527.191845,
        "title" : "Untitled",
        "transform" : [
          0.95300746,
          -3.5345415e-09,
          0.30294698,
          0,
          0.20014925,
          0.75067246,
          -0.6296279,
          0,
          -0.2274137,
          0.6606746,
          0.7153966,
          0,
          -0.54853123,
          1.0915716,
          0.5630239,
          1
        ]
      },
      {
        "date" : 755516520.716181,
        "title" : "Untitled",
        "transform" : [
          0.8238682,
          7.3780884e-09,
          0.56678146,
          0,
          0.08534599,
          0.9885978,
          -0.12405837,
          0,
          -0.5603187,
          0.15058017,
          0.8144744,
          0,
          -0.9495417,
          0.26640588,
          0.44234154,
          1
        ]
      },
      {
        "date" : 755516516.956732,
        "title" : "Untitled",
        "transform" : [
          0.9547942,
          7.257195e-09,
          0.2972678,
          0,
          0.07035566,
          0.97158897,
          -0.22597574,
          0,
          -0.28882194,
          0.23667467,
          0.9276675,
          0,
          -0.4740379,
          0.44607627,
          0.62756014,
          1
        ]
      }
    ]
  },
  "sceneViewportBackgroundColors" : {

  },
  "selectedSceneRelativePath" : "WhiteMyth.usda"
}