{
  "advancedEditorSelectedIdentifier" : "ProjectBrowser",
  "openSceneRelativePaths" : [
    "WhiteMyth.usda"
  ],
  "recentIdentifiers" : {
    "BD5A1786-3368-4FBD-B73C-7180B58F78D9" : [

    ]
  },
  "sceneCameraHistory" : {
    "BD5A1786-3368-4FBD-B73C-7180B58F78D9" : [
      {
        "date" : 756291251.472108,
        "title" : "Untitled",
        "transform" : [
          0.97188646,
          -0.00036593628,
          -0.23544993,
          0,
          -0.05855214,
          0.968208,
          -0.2431972,
          0,
          0.22805288,
          0.25014603,
          0.940967,
          0,
          -0.23762602,
          1.9578922,
          1.6480747,
          1
        ]
      },
      {
        "date" : 756291240.91485,
        "title" : "Untitled",
        "transform" : [
          0.8098388,
          -0.0003659348,
          0.58665234,
          0,
          0.20343333,
          0.93812543,
          -0.28024176,
          0,
          -0.5502514,
          0.3462952,
          0.7598045,
          0,
          0.5427575,
          1.3834832,
          0.9354515,
          1
        ]
      },
      {
        "date" : 756291227.366759,
        "title" : "Untitled",
        "transform" : [
          -0.94656783,
          -0.00036595366,
          0.32250437,
          0,
          -0.037234783,
          0.9934362,
          -0.108157575,
          0,
          -0.32034743,
          -0.114387,
          -0.94036865,
          0,
          -0.17461939,
          3.3746636,
          -1.5715531,
          1
        ]
      },
      {
        "date" : 756291215.732751,
        "title" : "Untitled",
        "transform" : [
          -0.9858212,
          -0.00036594577,
          -0.16779883,
          0,
          0.16430448,
          0.20091006,
          -0.9657324,
          0,
          0.0340664,
          -0.97960967,
          -0.19800104,
          0,
          0.903965,
          0.91483593,
          -0.5857323,
          1
        ]
      },
      {
        "date" : 756291202.497915,
        "title" : "Untitled",
        "transform" : [
          -0.99686134,
          -0.00036594764,
          -0.07916659,
          0,
          0.075514264,
          0.29585186,
          -0.95224434,
          0,
          0.023770591,
          -0.9552339,
          -0.29489547,
          0,
          0.8699963,
          0.999984,
          -0.94022256,
          1
        ]
      },
      {
        "date" : 756291199.98151,
        "title" : "Untitled",
        "transform" : [
          -0.99686146,
          -0.00036594766,
          -0.0791666,
          0,
          0.075514264,
          0.29585186,
          -0.95224434,
          0,
          0.023770591,
          -0.9552339,
          -0.29489547,
          0,
          1.5435839,
          -0.5308223,
          -2.4989047,
          1
        ]
      },
      {
        "date" : 756291182.0659,
        "title" : "Untitled",
        "transform" : [
          -0.7835521,
          -0.0003659475,
          -0.621326,
          0,
          0.24630661,
          0.91788554,
          -0.3111577,
          0,
          0.57042044,
          -0.39684513,
          -0.7191206,
          0,
          4.689404,
          3.6188588,
          -3.3218017,
          1
        ]
      },
      {
        "date" : 756291152.600641,
        "title" : "Untitled",
        "transform" : [
          -0.1864807,
          -0.0003659607,
          -0.98245853,
          0,
          -0.08837344,
          0.99595237,
          0.016402759,
          0,
          0.978476,
          0.089881904,
          -0.18575773,
          0,
          5.794224,
          6.5586424,
          0.7221167,
          1
        ]
      },
      {
        "date" : 756291144.966476,
        "title" : "Untitled",
        "transform" : [
          0.9930167,
          -0.00036593952,
          -0.11797295,
          0,
          0.1009984,
          0.5194326,
          0.84852165,
          0,
          0.06096796,
          -0.8545113,
          0.5158422,
          0,
          -0.6379416,
          1.1849246,
          4.0466022,
          1
        ]
      },
      {
        "date" : 756291126.504647,
        "title" : "Untitled",
        "transform" : [
          0.99986553,
          -0.00036593777,
          -0.016393844,
          0,
          -0.0032066407,
          0.9760802,
          -0.2173872,
          0,
          0.016080733,
          0.2174104,
          0.9759478,
          0,
          -0.978801,
          6.755534,
          4.842,
          1
        ]
      }
    ]
  },
  "sceneViewportBackgroundColors" : {

  },
  "selectedSceneRelativePath" : "WhiteMyth.usda"
}