{
  "advancedEditorSelectedIdentifier" : "ProjectBrowser",
  "openSceneRelativePaths" : [
    "BasketballScene.usda",
    "WhiteMyth.usda"
  ],
  "recentIdentifiers" : {
    "BD5A1786-3368-4FBD-B73C-7180B58F78D9" : [

    ]
  },
  "sceneCameraHistory" : {
    "BD5A1786-3368-4FBD-B73C-7180B58F78D9" : [
      {
        "date" : 755075065.696248,
        "title" : "Untitled",
        "transform" : [
          0.9984376,
          -6.696657e-08,
          -0.055877265,
          0,
          -0.03637403,
          0.7591085,
          -0.6499471,
          0,
          0.042416975,
          0.6509641,
          0.7579225,
          0,
          0.3769685,
          0.87369806,
          0.7290184,
          1
        ]
      },
      {
        "date" : 755075052.896867,
        "title" : "Untitled",
        "transform" : [
          0.26545957,
          -6.913377e-08,
          -0.964122,
          0,
          -0.21734029,
          0.9742598,
          -0.059842132,
          0,
          0.9393053,
          0.22542816,
          0.25862646,
          0,
          0.8510688,
          0.56891763,
          0.8104813,
          1
        ]
      },
      {
        "date" : 755075047.145566,
        "title" : "Untitled",
        "transform" : [
          0.26545957,
          -6.913377e-08,
          -0.964122,
          0,
          -0.21734029,
          0.9742598,
          -0.059842132,
          0,
          0.9393053,
          0.22542816,
          0.25862646,
          0,
          2.8889182,
          0.85089546,
          0.8004559,
          1
        ]
      },
      {
        "date" : 755075044.528218,
        "title" : "Untitled",
        "transform" : [
          0.26545957,
          -6.913377e-08,
          -0.964122,
          0,
          -0.21734029,
          0.9742598,
          -0.059842132,
          0,
          0.9393053,
          0.22542816,
          0.25862646,
          0,
          10.006787,
          2.9473767,
          2.7726614,
          1
        ]
      },
      {
        "date" : 755074186.850538,
        "title" : "Untitled",
        "transform" : [
          0.26545957,
          -6.913377e-08,
          -0.964122,
          0,
          -0.21734029,
          0.9742598,
          -0.059842132,
          0,
          0.9393053,
          0.22542816,
          0.25862646,
          0,
          58.595566,
          17.258606,
          16.235544,
          1
        ]
      },
      {
        "date" : 755074181.506689,
        "title" : "Untitled",
        "transform" : [
          0.34897414,
          -6.903637e-08,
          -0.9371324,
          0,
          -0.27138656,
          0.95715,
          -0.101060376,
          0,
          0.89697635,
          0.2895926,
          0.33402053,
          0,
          34.802525,
          13.197544,
          13.025437,
          1
        ]
      },
      {
        "date" : 755074164.543129,
        "title" : "Untitled",
        "transform" : [
          0.39970374,
          -6.8429934e-08,
          -0.9166444,
          0,
          -0.45628563,
          0.8673043,
          -0.19896388,
          0,
          0.7950097,
          0.49777827,
          0.34666473,
          0,
          30.395777,
          21.224697,
          13.321072,
          1
        ]
      },
      {
        "date" : 755074084.074663,
        "title" : "Untitled",
        "transform" : [
          0.39970374,
          -6.8429934e-08,
          -0.9166444,
          0,
          -0.45628563,
          0.8673043,
          -0.19896388,
          0,
          0.7950097,
          0.49777827,
          0.34666473,
          0,
          7.6972423,
          5.300137,
          3.3733473,
          1
        ]
      },
      {
        "date" : 755074065.905091,
        "title" : "Untitled",
        "transform" : [
          0.39970374,
          -6.8429934e-08,
          -0.9166444,
          0,
          -0.45628563,
          0.8673043,
          -0.19896388,
          0,
          0.7950097,
          0.49777827,
          0.34666473,
          0,
          8403.265,
          5895.36,
          3682.7646,
          1
        ]
      },
      {
        "date" : 755074053.797311,
        "title" : "Untitled",
        "transform" : [
          0.39970392,
          -2.8038848e-08,
          -0.91664433,
          0,
          -0.4793864,
          0.8523451,
          -0.20903707,
          0,
          0.7812973,
          0.52297974,
          0.3406857,
          0,
          7.0226154,
          7.6021557,
          3.15312,
          1
        ]
      }
    ]
  },
  "sceneViewportBackgroundColors" : {

  },
  "selectedSceneRelativePath" : "WhiteMyth.usda"
}