{
  "advancedEditorSelectedIdentifier" : "ProjectBrowser",
  "openSceneRelativePaths" : [
    "Escape.usda",
    "Untitled Scene.usda"
  ],
  "recentIdentifiers" : {
    "A38FDD40-5BAC-4463-808C-770B8CD1AF3A" : [

    ],
    "D83A3D84-2018-4529-A4DA-BB0692872ECB" : [

    ]
  },
  "sceneCameraHistory" : {
    "2CDB39D7-DD11-4856-965F-F41D28198282" : [
      {
        "date" : 753094988.081782,
        "title" : "Untitled",
        "transform" : [
          1,
          0,
          0,
          0,
          0,
          0.7071069,
          -0.70710677,
          0,
          0,
          0.70710677,
          0.7071069,
          0,
          0,
          7.907806,
          7.907807,
          1
        ]
      }
    ],
    "343586E6-704D-481A-BD79-27FE572B6A3D" : [
      {
        "date" : 750422252.181211,
        "title" : "Untitled",
        "transform" : [
          0.8944913,
          -4.394059e-09,
          -0.4470855,
          0,
          -0.24377185,
          0.8382757,
          -0.48771834,
          0,
          0.37478092,
          0.5452467,
          0.74983025,
          0,
          4.692847,
          2.663363,
          6.6423993,
          1
        ]
      },
      {
        "date" : 750422240.0431,
        "title" : "Untitled",
        "transform" : [
          0.99999994,
          0,
          0,
          0,
          0,
          0.86978453,
          -0.49343163,
          0,
          0,
          0.49343163,
          0.86978453,
          0,
          -5.1235123,
          3.4186242,
          7.6752415,
          1
        ]
      },
      {
        "date" : 750422202.445079,
        "title" : "Untitled",
        "transform" : [
          0.99999994,
          0,
          0,
          0,
          0,
          0.86978453,
          -0.49343163,
          0,
          0,
          0.49343163,
          0.86978453,
          0,
          -0.07040898,
          3.9885943,
          7.3518963,
          1
        ]
      },
      {
        "date" : 750422200.529235,
        "title" : "Untitled",
        "transform" : [
          0.99999994,
          0,
          0,
          0,
          0,
          0.86978453,
          -0.49343163,
          0,
          0,
          0.49343163,
          0.86978453,
          0,
          -0.07133682,
          6.3742113,
          11.484237,
          1
        ]
      },
      {
        "date" : 750422198.603758,
        "title" : "Untitled",
        "transform" : [
          0.99999994,
          0,
          -0,
          0,
          -0,
          0.86978453,
          -0.49343163,
          0,
          0,
          0.49343163,
          0.86978453,
          0,
          -0.072734825,
          9.968682,
          17.710543,
          1
        ]
      },
      {
        "date" : 750422188.224158,
        "title" : "Untitled",
        "transform" : [
          1,
          0,
          0,
          0,
          0,
          0.7071069,
          -0.70710677,
          0,
          0,
          0.70710677,
          0.7071069,
          0,
          -1.3154324,
          2.282427,
          4.849281,
          1
        ]
      },
      {
        "date" : 750422186.229378,
        "title" : "Untitled",
        "transform" : [
          1,
          0,
          0,
          0,
          0,
          0.7071069,
          -0.70710677,
          0,
          0,
          0.70710677,
          0.7071069,
          0,
          -1.3154324,
          1.0433933,
          3.610247,
          1
        ]
      },
      {
        "date" : 750422178.912845,
        "title" : "Untitled",
        "transform" : [
          1,
          0,
          0,
          0,
          0,
          0.7071069,
          -0.70710677,
          0,
          0,
          0.70710677,
          0.7071069,
          0,
          -1.3154324,
          0.5453634,
          3.112217,
          1
        ]
      },
      {
        "date" : 750422171.629872,
        "title" : "Untitled",
        "transform" : [
          1,
          0,
          0,
          0,
          0,
          0.7071069,
          -0.70710677,
          0,
          0,
          0.70710677,
          0.7071069,
          0,
          -1.5281074,
          0.3069905,
          3.3505895,
          1
        ]
      }
    ],
    "67CCEB35-5283-4A0D-AC53-DF56DD02667B" : [
      {
        "date" : 753094979.249742,
        "title" : "Untitled",
        "transform" : [
          1,
          0,
          0,
          0,
          0,
          0.7071069,
          -0.70710677,
          0,
          0,
          0.70710677,
          0.7071069,
          0,
          -0.72615814,
          2.7081804,
          0.9494004,
          1
        ]
      }
    ],
    "948E60C6-7980-4CEE-BD86-84BDDBDCCF72" : [
      {
        "date" : 754818499.305709,
        "title" : "Untitled",
        "transform" : [
          1,
          0,
          0,
          0,
          0,
          0.7071069,
          -0.70710677,
          0,
          0,
          0.70710677,
          0.7071069,
          0,
          -0.31644094,
          2.593216,
          1.0643635,
          1
        ]
      }
    ],
    "A38FDD40-5BAC-4463-808C-770B8CD1AF3A" : [
      {
        "date" : 754969631.676501,
        "title" : "Untitled",
        "transform" : [
          -0.60730463,
          -5.1175277e-09,
          0.794469,
          0,
          -0.2939909,
          0.9290131,
          -0.22473136,
          0,
          -0.738072,
          -0.370047,
          -0.5641941,
          0,
          -2.7177706,
          1.1110389,
          -2.2503638,
          1
        ]
      },
      {
        "date" : 754969630.477618,
        "title" : "Untitled",
        "transform" : [
          -0.60730463,
          -5.1175277e-09,
          0.794469,
          0,
          -0.2939909,
          0.9290131,
          -0.22473136,
          0,
          -0.738072,
          -0.370047,
          -0.5641941,
          0,
          -2.8818412,
          1.0287791,
          -2.3757818,
          1
        ]
      },
      {
        "date" : 754969610.042732,
        "title" : "Untitled",
        "transform" : [
          -0.57712775,
          -8.5889806e-10,
          0.81665385,
          0,
          0.24497408,
          0.9539477,
          0.17312264,
          0,
          -0.77904505,
          0.29997298,
          -0.55054986,
          0,
          -2.7736123,
          1.7462231,
          -1.9641418,
          1
        ]
      },
      {
        "date" : 754969608.226435,
        "title" : "Untitled",
        "transform" : [
          -0.57712775,
          -8.5889806e-10,
          0.81665385,
          0,
          0.24497408,
          0.9539477,
          0.17312264,
          0,
          -0.77904505,
          0.29997298,
          -0.55054986,
          0,
          -2.8157043,
          1.0836369,
          -2.2655964,
          1
        ]
      },
      {
        "date" : 754969603.67658,
        "title" : "Untitled",
        "transform" : [
          -0.57712775,
          -8.5889806e-10,
          0.81665385,
          0,
          0.24497408,
          0.9539477,
          0.17312264,
          0,
          -0.77904505,
          0.29997298,
          -0.55054986,
          0,
          -3.1723175,
          1.5161563,
          -1.5253143,
          1
        ]
      },
      {
        "date" : 754969601.109511,
        "title" : "Untitled",
        "transform" : [
          -0.57821167,
          -1.4013608e-09,
          0.81588686,
          0,
          0.21470882,
          0.9647522,
          0.1521621,
          0,
          -0.78712857,
          0.26316005,
          -0.55783105,
          0,
          -3.2124155,
          1.3819743,
          -1.5593793,
          1
        ]
      },
      {
        "date" : 754969598.39866,
        "title" : "Untitled",
        "transform" : [
          -0.57821167,
          -1.4013608e-09,
          0.81588686,
          0,
          0.21470882,
          0.9647522,
          0.1521621,
          0,
          -0.78712857,
          0.26316005,
          -0.55783105,
          0,
          -2.8377154,
          0.85662043,
          -2.3359394,
          1
        ]
      },
      {
        "date" : 754969579.142873,
        "title" : "Untitled",
        "transform" : [
          -0.57821167,
          -1.4013608e-09,
          0.81588686,
          0,
          0.21470882,
          0.9647522,
          0.1521621,
          0,
          -0.78712857,
          0.26316005,
          -0.55783105,
          0,
          -2.9357433,
          1.4833798,
          -1.9019406,
          1
        ]
      },
      {
        "date" : 754969572.793154,
        "title" : "Untitled",
        "transform" : [
          -0.57821167,
          -1.4013608e-09,
          0.81588686,
          0,
          0.21470882,
          0.9647522,
          0.1521621,
          0,
          -0.78712857,
          0.26316005,
          -0.55783105,
          0,
          -2.8364644,
          1.2345073,
          -2.1594353,
          1
        ]
      },
      {
        "date" : 754969535.527574,
        "title" : "Untitled",
        "transform" : [
          -0.57821167,
          -1.4013608e-09,
          0.81588686,
          0,
          0.21470882,
          0.9647522,
          0.1521621,
          0,
          -0.78712857,
          0.26316005,
          -0.55783105,
          0,
          -2.154839,
          1.0066203,
          -1.6763735,
          1
        ]
      }
    ],
    "D83A3D84-2018-4529-A4DA-BB0692872ECB" : [
      {
        "date" : 754966646.240694,
        "title" : "Untitled",
        "transform" : [
          -0.23582907,
          -2.084668e-10,
          -0.97179455,
          0,
          0.07050277,
          0.9973648,
          -0.017109174,
          0,
          0.96923375,
          -0.07254905,
          -0.2352076,
          0,
          0.3974343,
          1.5659944,
          1.3763059,
          1
        ]
      },
      {
        "date" : 754966610.841234,
        "title" : "Untitled",
        "transform" : [
          0.98824066,
          1.4755281e-09,
          0.15290657,
          0,
          0.052742913,
          0.93862635,
          -0.34087935,
          0,
          -0.14352214,
          0.34493557,
          0.9275887,
          0,
          -0.0038661286,
          1.6796623,
          1.6025491,
          1
        ]
      },
      {
        "date" : 754966603.758728,
        "title" : "Untitled",
        "transform" : [
          -0.74014455,
          0.001076837,
          -0.6724469,
          0,
          -0.26493037,
          0.9186512,
          0.29307297,
          0,
          0.61805975,
          0.39506796,
          -0.6796495,
          0,
          5.363358,
          1.0174747,
          -1.5113139,
          1
        ]
      },
      {
        "date" : 754966454.834066,
        "title" : "Untitled",
        "transform" : [
          -0.82715726,
          0.0010768397,
          -0.5619696,
          0,
          -0.31799647,
          0.82360315,
          0.4696339,
          0,
          0.46334565,
          0.56716543,
          -0.6809069,
          0,
          4.7000012,
          2.017019,
          -1.8172749,
          1
        ]
      },
      {
        "date" : 754966452.878252,
        "title" : "Untitled",
        "transform" : [
          -0.82715726,
          0.0010768397,
          -0.5619696,
          0,
          -0.31799647,
          0.82360315,
          0.4696339,
          0,
          0.46334565,
          0.56716543,
          -0.6809069,
          0,
          5.000595,
          1.8707812,
          -1.7345359,
          1
        ]
      },
      {
        "date" : 754966266.748932,
        "title" : "Untitled",
        "transform" : [
          -0.82715726,
          0.0010768397,
          -0.5619696,
          0,
          -0.31799647,
          0.82360315,
          0.4696339,
          0,
          0.46334565,
          0.56716543,
          -0.6809069,
          0,
          6.1809125,
          1.8486528,
          -0.9497824,
          1
        ]
      },
      {
        "date" : 754966264.764273,
        "title" : "Untitled",
        "transform" : [
          -0.82715726,
          0.0010768397,
          -0.5619696,
          0,
          -0.31799647,
          0.82360315,
          0.4696339,
          0,
          0.46334565,
          0.56716543,
          -0.6809069,
          0,
          6.5853877,
          2.0972805,
          -0.467448,
          1
        ]
      },
      {
        "date" : 754966262.353517,
        "title" : "Untitled",
        "transform" : [
          -0.82715726,
          0.0010768397,
          -0.5619696,
          0,
          -0.31799647,
          0.82360315,
          0.4696339,
          0,
          0.46334565,
          0.56716543,
          -0.6809069,
          0,
          4.9809093,
          1.918232,
          -1.7084076,
          1
        ]
      },
      {
        "date" : 754966256.580703,
        "title" : "Untitled",
        "transform" : [
          -0.82715726,
          0.0010768397,
          -0.5619696,
          0,
          -0.31799647,
          0.82360315,
          0.4696339,
          0,
          0.46334565,
          0.56716543,
          -0.6809069,
          0,
          5.9241,
          2.3385155,
          -2.5703783,
          1
        ]
      },
      {
        "date" : 754966245.681715,
        "title" : "Untitled",
        "transform" : [
          -0.82715726,
          0.0010768397,
          -0.5619696,
          0,
          -0.31799647,
          0.82360315,
          0.4696339,
          0,
          0.46334565,
          0.56716543,
          -0.6809069,
          0,
          6.1931267,
          2.8204527,
          -4.3205423,
          1
        ]
      }
    ]
  },
  "sceneViewportBackgroundColors" : {

  },
  "selectedSceneRelativePath" : "Untitled Scene.usda"
}