{
  "advancedEditorSelectedIdentifier" : "ProjectBrowser",
  "openSceneRelativePaths" : [
<<<<<<< Updated upstream
    "Escape.usda",
    "Untitled Scene.usda"
=======
    "WhiteMyth.usda",
    "BasketballScene.usda"
>>>>>>> Stashed changes
  ],
  "recentIdentifiers" : {
    "A38FDD40-5BAC-4463-808C-770B8CD1AF3A" : [

    ],
<<<<<<< Updated upstream
=======
    "AE087476-421F-40EB-BB8E-33E894FC4DD1" : [

    ],
    "BD5A1786-3368-4FBD-B73C-7180B58F78D9" : [

    ],
>>>>>>> Stashed changes
    "D83A3D84-2018-4529-A4DA-BB0692872ECB" : [

    ]
  },
  "sceneCameraHistory" : {
    "2CDB39D7-DD11-4856-965F-F41D28198282" : [
      {
        "date" : 753094988.081782,
        "title" : "Untitled",
        "transform" : [
          1,
          0,
          0,
          0,
          0,
          0.7071069,
          -0.70710677,
          0,
          0,
          0.70710677,
          0.7071069,
          0,
          0,
          7.907806,
          7.907807,
          1
        ]
      }
    ],
    "343586E6-704D-481A-BD79-27FE572B6A3D" : [
      {
        "date" : 750422252.181211,
        "title" : "Untitled",
        "transform" : [
          0.8944913,
          -4.394059e-09,
          -0.4470855,
          0,
          -0.24377185,
          0.8382757,
          -0.48771834,
          0,
          0.37478092,
          0.5452467,
          0.74983025,
          0,
          4.692847,
          2.663363,
          6.6423993,
          1
        ]
      },
      {
        "date" : 750422240.0431,
        "title" : "Untitled",
        "transform" : [
          0.99999994,
          0,
          0,
          0,
          0,
          0.86978453,
          -0.49343163,
          0,
          0,
          0.49343163,
          0.86978453,
          0,
          -5.1235123,
          3.4186242,
          7.6752415,
          1
        ]
      },
      {
        "date" : 750422202.445079,
        "title" : "Untitled",
        "transform" : [
          0.99999994,
          0,
          0,
          0,
          0,
          0.86978453,
          -0.49343163,
          0,
          0,
          0.49343163,
          0.86978453,
          0,
          -0.07040898,
          3.9885943,
          7.3518963,
          1
        ]
      },
      {
        "date" : 750422200.529235,
        "title" : "Untitled",
        "transform" : [
          0.99999994,
          0,
          0,
          0,
          0,
          0.86978453,
          -0.49343163,
          0,
          0,
          0.49343163,
          0.86978453,
          0,
          -0.07133682,
          6.3742113,
          11.484237,
          1
        ]
      },
      {
        "date" : 750422198.603758,
        "title" : "Untitled",
        "transform" : [
          0.99999994,
          0,
          -0,
          0,
          -0,
          0.86978453,
          -0.49343163,
          0,
          0,
          0.49343163,
          0.86978453,
          0,
          -0.072734825,
          9.968682,
          17.710543,
          1
        ]
      },
      {
        "date" : 750422188.224158,
        "title" : "Untitled",
        "transform" : [
          1,
          0,
          0,
          0,
          0,
          0.7071069,
          -0.70710677,
          0,
          0,
          0.70710677,
          0.7071069,
          0,
          -1.3154324,
          2.282427,
          4.849281,
          1
        ]
      },
      {
        "date" : 750422186.229378,
        "title" : "Untitled",
        "transform" : [
          1,
          0,
          0,
          0,
          0,
          0.7071069,
          -0.70710677,
          0,
          0,
          0.70710677,
          0.7071069,
          0,
          -1.3154324,
          1.0433933,
          3.610247,
          1
        ]
      },
      {
        "date" : 750422178.912845,
        "title" : "Untitled",
        "transform" : [
          1,
          0,
          0,
          0,
          0,
          0.7071069,
          -0.70710677,
          0,
          0,
          0.70710677,
          0.7071069,
          0,
          -1.3154324,
          0.5453634,
          3.112217,
          1
        ]
      },
      {
        "date" : 750422171.629872,
        "title" : "Untitled",
        "transform" : [
          1,
          0,
          0,
          0,
          0,
          0.7071069,
          -0.70710677,
          0,
          0,
          0.70710677,
          0.7071069,
          0,
          -1.5281074,
          0.3069905,
          3.3505895,
          1
        ]
      }
    ],
    "67CCEB35-5283-4A0D-AC53-DF56DD02667B" : [
      {
        "date" : 755058025.100975,
        "title" : "Untitled",
        "transform" : [
          1,
          0,
          0,
          0,
          0,
          0.7071069,
          -0.70710677,
          0,
          0,
          0.70710677,
          0.7071069,
          0,
          -0.28795594,
          0.5650456,
          -0.29409292,
          1
        ]
      },
      {
        "date" : 755058021.30127,
        "title" : "Untitled",
        "transform" : [
          1,
          0,
          0,
          0,
          0,
          0.7071069,
          -0.70710677,
          0,
          0,
          0.70710677,
          0.7071069,
          0,
          -0.29112434,
          2.1519427,
          1.5056376,
          1
        ]
      },
      {
        "date" : 753094979.249742,
        "title" : "Untitled",
        "transform" : [
          1,
          0,
          0,
          0,
          0,
          0.7071069,
          -0.70710677,
          0,
          0,
          0.70710677,
          0.7071069,
          0,
          -0.72615814,
          2.7081804,
          0.9494004,
          1
        ]
      }
    ],
    "948E60C6-7980-4CEE-BD86-84BDDBDCCF72" : [
      {
        "date" : 754818499.305709,
        "title" : "Untitled",
        "transform" : [
          1,
          0,
          0,
          0,
          0,
          0.7071069,
          -0.70710677,
          0,
          0,
          0.70710677,
          0.7071069,
          0,
          -0.31644094,
          2.593216,
          1.0643635,
          1
        ]
      }
    ],
    "A38FDD40-5BAC-4463-808C-770B8CD1AF3A" : [
      {
<<<<<<< Updated upstream
        "date" : 754972365.330711,
=======
        "date" : 754996327.775473,
        "title" : "Untitled",
        "transform" : [
          0.9499024,
          -6.8620407e-09,
          -0.3125464,
          0,
          -0.040696338,
          0.99148655,
          -0.123686135,
          0,
          0.30988544,
          0.13020968,
          0.9418155,
          0,
          -1.6556191,
          6.0654287,
          18.326427,
          1
        ]
      },
      {
        "date" : 754996319.533931,
        "title" : "Untitled",
        "transform" : [
          0.9499024,
          -6.8620407e-09,
          -0.3125464,
          0,
          -0.040696334,
          0.99148643,
          -0.12368612,
          0,
          0.3098854,
          0.13020967,
          0.9418154,
          0,
          2.023175,
          2.1635184,
          1.3796501,
          1
        ]
      },
      {
        "date" : 754996317.740641,
        "title" : "Untitled",
        "transform" : [
          0.9152224,
          -7.7307885e-09,
          -0.40294865,
          0,
          -0.027655756,
          0.99764186,
          -0.06281513,
          0,
          0.4019984,
          0.0686341,
          0.91306436,
          0,
          3.5537028,
          1.1403936,
          0.90193176,
          1
        ]
      },
      {
        "date" : 754995483.59842,
        "title" : "Untitled",
        "transform" : [
          0.99605525,
          -2.1656916e-08,
          -0.08873468,
          0,
          -0.051945068,
          0.8107456,
          -0.5830894,
          0,
          0.07194112,
          0.585399,
          0.8075473,
          0,
          -1.9306009,
          9.727083,
          -0.8513346,
          1
        ]
      },
      {
        "date" : 754995469.602473,
        "title" : "Untitled",
        "transform" : [
          0.99605525,
          -2.1656916e-08,
          -0.08873468,
          0,
          -0.051945068,
          0.8107456,
          -0.5830894,
          0,
          0.07194112,
          0.585399,
          0.8075473,
          0,
          -0.13179564,
          8.116852,
          0.15569115,
          1
        ]
      },
      {
        "date" : 754995445.74902,
>>>>>>> Stashed changes
        "title" : "Untitled",
        "transform" : [
          -0.91025406,
          1.1833399e-08,
          0.41404998,
          0,
          -0.41379774,
          0.03489955,
          -0.9096996,
          0,
          -0.014450135,
          -0.99939084,
          -0.031767447,
          0,
          1.1462722,
          0.7449012,
          0.86606336,
          1
        ]
      },
      {
        "date" : 754972359.262867,
        "title" : "Untitled",
        "transform" : [
          -0.9995239,
          -2.1780129e-09,
          -0.030854529,
          0,
          0.014613355,
          0.8807294,
          -0.47339442,
          0,
          0.027174566,
          -0.47361973,
          -0.8803102,
          0,
          0.7820978,
          1.4943122,
          -0.6101698,
          1
        ]
      },
      {
        "date" : 754972346.786984,
        "title" : "Untitled",
        "transform" : [
          -0.9995239,
          -2.1780129e-09,
          -0.030854529,
          0,
          0.014613355,
          0.8807294,
          -0.47339442,
          0,
          0.027174566,
          -0.47361973,
          -0.8803102,
          0,
          0.5339041,
          2.7927878,
          -1.3164304,
          1
        ]
      },
      {
        "date" : 754972338.279087,
        "title" : "Untitled",
        "transform" : [
          -0.9991945,
          -1.5107968e-09,
          -0.040129844,
          0,
          0.038327433,
          0.29633325,
          -0.9543153,
          0,
          0.011891886,
          -0.9550846,
          -0.29609466,
          0,
          0.6568926,
          0.17375517,
          0.83064723,
          1
        ]
      },
      {
        "date" : 754972331.862601,
        "title" : "Untitled",
        "transform" : [
          -0.9989271,
          -2.0753967e-09,
          -0.046313234,
          0,
          0.03703331,
          0.600498,
          -0.7987683,
          0,
          0.027811078,
          -0.79962623,
          -0.59985375,
          0,
          0.7865493,
          0.07491779,
          0.34837726,
          1
        ]
      }
    ],
    "BD5A1786-3368-4FBD-B73C-7180B58F78D9" : [
      {
<<<<<<< Updated upstream
        "date" : 754972326.587448,
        "title" : "Untitled",
        "transform" : [
          -0.7073194,
          -2.5236169e-09,
          0.7068942,
          0,
          -0.3249404,
          0.88808805,
          -0.32513592,
          0,
          -0.62778425,
          -0.45967332,
          -0.62816197,
          0,
          -0.39969698,
          0.5452167,
          -0.41215247,
=======
        "date" : 755060312.455853,
        "title" : "Untitled",
        "transform" : [
          0.40403858,
          8.391069e-09,
          -0.91474193,
          0,
          -0.15453945,
          0.98562574,
          -0.06825952,
          0,
          0.9015934,
          0.16894329,
          0.39823076,
          0,
          -11.698395,
          7.6197596,
          10.661093,
>>>>>>> Stashed changes
          1
        ]
      },
      {
<<<<<<< Updated upstream
        "date" : 754972314.462672,
        "title" : "Untitled",
        "transform" : [
          -0.67788374,
          8.003273e-09,
          0.7351692,
          0,
          0.024388416,
          0.9994497,
          0.022487959,
          0,
          -0.7347644,
          0.03317391,
          -0.67751074,
          0,
          -1.1550825,
          1.4952787,
          -1.0227056,
=======
        "date" : 755060311.039647,
        "title" : "Untitled",
        "transform" : [
          0.3302829,
          8.675457e-09,
          -0.943882,
          0,
          -0.13234381,
          0.9901214,
          -0.046309654,
          0,
          0.9345579,
          0.14021231,
          0.32702008,
          0,
          -10.211636,
          6.323941,
          7.4493647,
>>>>>>> Stashed changes
          1
        ]
      },
      {
<<<<<<< Updated upstream
        "date" : 754972261.132427,
        "title" : "Untitled",
        "transform" : [
          -0.67788374,
          8.003273e-09,
          0.7351692,
          0,
          0.024388416,
          0.9994497,
          0.022487959,
          0,
          -0.7347644,
          0.03317391,
          -0.67751074,
          0,
          -2.503604,
          1.560459,
          -2.4570804,
=======
        "date" : 755060308.639912,
        "title" : "Untitled",
        "transform" : [
          0.14482725,
          7.909811e-09,
          -0.98945695,
          0,
          -0.078500524,
          0.9968478,
          -0.0114901075,
          0,
          0.9863381,
          0.07933705,
          0.14437062,
          0,
          -7.8762,
          3.5782852,
          -0.7886698,
>>>>>>> Stashed changes
          1
        ]
      },
      {
<<<<<<< Updated upstream
        "date" : 754971908.001885,
        "title" : "Untitled",
        "transform" : [
          -0.65570205,
          8.1596e-09,
          0.7550197,
          0,
          -0.003097857,
          0.99999166,
          -0.0026904284,
          0,
          -0.7550133,
          -0.0041029803,
          -0.6556967,
          0,
          -2.7144995,
          3.834847,
          -2.2609105,
=======
        "date" : 755058953.902338,
        "title" : "Untitled",
        "transform" : [
          0.14482725,
          7.909811e-09,
          -0.98945695,
          0,
          -0.078500524,
          0.9968478,
          -0.0114901075,
          0,
          0.9863381,
          0.07933705,
          0.14437062,
          0,
          9.416946,
          9.910553,
          2.3271866,
>>>>>>> Stashed changes
          1
        ]
      },
      {
<<<<<<< Updated upstream
        "date" : 754969631.676501,
        "title" : "Untitled",
        "transform" : [
          -0.60730463,
          -5.1175277e-09,
          0.794469,
          0,
          -0.2939909,
          0.9290131,
          -0.22473136,
          0,
          -0.738072,
          -0.370047,
          -0.5641941,
          0,
          -2.7177706,
          1.1110389,
          -2.2503638,
=======
        "date" : 755058949.814366,
        "title" : "Untitled",
        "transform" : [
          0.14751785,
          8.097937e-09,
          -0.9890594,
          0,
          -0.1421654,
          0.98961574,
          -0.021203866,
          0,
          0.97878885,
          0.14373805,
          0.14598587,
          0,
          8.4739,
          17.955652,
          2.5289707,
          1
        ]
      },
      {
        "date" : 755058935.913065,
        "title" : "Untitled",
        "transform" : [
          -0.8742866,
          3.1079535e-09,
          -0.48541006,
          0,
          -0.039702214,
          0.99664956,
          0.07150884,
          0,
          0.48378372,
          0.08179106,
          -0.87135726,
          0,
          -2.4202476,
          -9.702016,
          13.094813,
          1
        ]
      },
      {
        "date" : 755058929.798985,
        "title" : "Untitled",
        "transform" : [
          -0.8742866,
          3.1079535e-09,
          -0.48541006,
          0,
          -0.039702214,
          0.99664956,
          0.07150884,
          0,
          0.48378372,
          0.08179106,
          -0.87135726,
          0,
          -2.3819995,
          -10.580969,
          13.033545,
          1
        ]
      },
      {
        "date" : 755058911.865969,
        "title" : "Untitled",
        "transform" : [
          -0.8122796,
          2.9539713e-09,
          0.58326834,
          0,
          -0.043017495,
          0.9972766,
          -0.059907626,
          0,
          -0.5816799,
          -0.07375249,
          -0.8100673,
          0,
          -13.454628,
          2.8052764,
          9.072712,
          1
        ]
      },
      {
        "date" : 755058895.833033,
        "title" : "Untitled",
        "transform" : [
          0.93663406,
          1.0643512e-08,
          -0.35030913,
          0,
          -0.0053808438,
          0.999882,
          -0.014386928,
          0,
          0.3502677,
          0.015359906,
          0.9365237,
          0,
          5.889263,
          -89.38458,
          3.9018612,
          1
        ]
      },
      {
        "date" : 755058850.182522,
        "title" : "Untitled",
        "transform" : [
          0.7601252,
          2.3634101e-08,
          -0.6497765,
          0,
          -0.3602596,
          0.8322262,
          -0.42144093,
          0,
          0.5407611,
          0.5544359,
          0.6325965,
          0,
          7.069417,
          12.036911,
          -0.5450916,
>>>>>>> Stashed changes
          1
        ]
      }
    ],
    "D83A3D84-2018-4529-A4DA-BB0692872ECB" : [
      {
        "date" : 754966646.240694,
        "title" : "Untitled",
        "transform" : [
          -0.23582907,
          -2.084668e-10,
          -0.97179455,
          0,
          0.07050277,
          0.9973648,
          -0.017109174,
          0,
          0.96923375,
          -0.07254905,
          -0.2352076,
          0,
          0.3974343,
          1.5659944,
          1.3763059,
          1
        ]
      },
      {
        "date" : 754966610.841234,
        "title" : "Untitled",
        "transform" : [
          0.98824066,
          1.4755281e-09,
          0.15290657,
          0,
          0.052742913,
          0.93862635,
          -0.34087935,
          0,
          -0.14352214,
          0.34493557,
          0.9275887,
          0,
          -0.0038661286,
          1.6796623,
          1.6025491,
          1
        ]
      },
      {
        "date" : 754966603.758728,
        "title" : "Untitled",
        "transform" : [
          -0.74014455,
          0.001076837,
          -0.6724469,
          0,
          -0.26493037,
          0.9186512,
          0.29307297,
          0,
          0.61805975,
          0.39506796,
          -0.6796495,
          0,
          5.363358,
          1.0174747,
          -1.5113139,
          1
        ]
      },
      {
        "date" : 754966454.834066,
        "title" : "Untitled",
        "transform" : [
          -0.82715726,
          0.0010768397,
          -0.5619696,
          0,
          -0.31799647,
          0.82360315,
          0.4696339,
          0,
          0.46334565,
          0.56716543,
          -0.6809069,
          0,
          4.7000012,
          2.017019,
          -1.8172749,
          1
        ]
      },
      {
        "date" : 754966452.878252,
        "title" : "Untitled",
        "transform" : [
          -0.82715726,
          0.0010768397,
          -0.5619696,
          0,
          -0.31799647,
          0.82360315,
          0.4696339,
          0,
          0.46334565,
          0.56716543,
          -0.6809069,
          0,
          5.000595,
          1.8707812,
          -1.7345359,
          1
        ]
      },
      {
        "date" : 754966266.748932,
        "title" : "Untitled",
        "transform" : [
          -0.82715726,
          0.0010768397,
          -0.5619696,
          0,
          -0.31799647,
          0.82360315,
          0.4696339,
          0,
          0.46334565,
          0.56716543,
          -0.6809069,
          0,
          6.1809125,
          1.8486528,
          -0.9497824,
          1
        ]
      },
      {
        "date" : 754966264.764273,
        "title" : "Untitled",
        "transform" : [
          -0.82715726,
          0.0010768397,
          -0.5619696,
          0,
          -0.31799647,
          0.82360315,
          0.4696339,
          0,
          0.46334565,
          0.56716543,
          -0.6809069,
          0,
          6.5853877,
          2.0972805,
          -0.467448,
          1
        ]
      },
      {
        "date" : 754966262.353517,
        "title" : "Untitled",
        "transform" : [
          -0.82715726,
          0.0010768397,
          -0.5619696,
          0,
          -0.31799647,
          0.82360315,
          0.4696339,
          0,
          0.46334565,
          0.56716543,
          -0.6809069,
          0,
          4.9809093,
          1.918232,
          -1.7084076,
          1
        ]
      },
      {
        "date" : 754966256.580703,
        "title" : "Untitled",
        "transform" : [
          -0.82715726,
          0.0010768397,
          -0.5619696,
          0,
          -0.31799647,
          0.82360315,
          0.4696339,
          0,
          0.46334565,
          0.56716543,
          -0.6809069,
          0,
          5.9241,
          2.3385155,
          -2.5703783,
          1
        ]
      },
      {
        "date" : 754966245.681715,
        "title" : "Untitled",
        "transform" : [
          -0.82715726,
          0.0010768397,
          -0.5619696,
          0,
          -0.31799647,
          0.82360315,
          0.4696339,
          0,
          0.46334565,
          0.56716543,
          -0.6809069,
          0,
          6.1931267,
          2.8204527,
          -4.3205423,
          1
        ]
      }
    ]
  },
  "sceneViewportBackgroundColors" : {

  },
  "selectedSceneRelativePath" : "Untitled Scene.usda"
}