{
  "advancedEditorSelectedIdentifier" : "ProjectBrowser",
  "openSceneRelativePaths" : [
    "WhiteMyth.usda"
  ],
  "recentIdentifiers" : {
    "BD5A1786-3368-4FBD-B73C-7180B58F78D9" : [

    ]
  },
  "sceneCameraHistory" : {
    "BD5A1786-3368-4FBD-B73C-7180B58F78D9" : [
      {
        "date" : 756199662.318935,
        "title" : "Untitled",
        "transform" : [
          0.37751108,
          3.2549472e-06,
          -0.92600507,
          0,
          -0.34607622,
          0.9275378,
          -0.14108425,
          0,
          0.85890424,
          0.37372914,
          0.35015714,
          0,
          1.059044,
          1.1498123,
          0.64290446,
          1
        ]
      },
      {
        "date" : 756199284.484164,
        "title" : "Untitled",
        "transform" : [
          0.37751108,
          3.2549472e-06,
          -0.92600507,
          0,
          -0.34607622,
          0.9275378,
          -0.14108425,
          0,
          0.85890424,
          0.37372914,
          0.35015714,
          0,
          1.8259338,
          1.9824307,
          1.1084535,
          1
        ]
      },
      {
        "date" : 756199137.86654,
        "title" : "Untitled",
        "transform" : [
          -0.12697926,
          3.2542546e-06,
          -0.99190545,
          0,
          -0.39999428,
          0.9150859,
          0.051208317,
          0,
          0.9076789,
          0.40325883,
          -0.116195455,
          0,
          1.4318881,
          3.148491,
          0.26354563,
          1
        ]
      },
      {
        "date" : 756198725.765363,
        "title" : "Untitled",
        "transform" : [
          0.12389168,
          3.2586686e-06,
          0.9922958,
          0,
          0.279876,
          0.95939994,
          -0.034946594,
          0,
          -0.9520086,
          0.28204933,
          0.11886058,
          0,
          -2.0163743,
          0.61684865,
          -1.5673382,
          1
        ]
      },
      {
        "date" : 756198377.605639,
        "title" : "Untitled",
        "transform" : [
          0.78719866,
          3.25858e-06,
          0.6166996,
          0,
          0.18903261,
          0.95186204,
          -0.2412994,
          0,
          -0.5870138,
          0.30652684,
          0.74930376,
          0,
          -1.8538413,
          1.789476,
          0.51003814,
          1
        ]
      },
      {
        "date" : 756198372.171008,
        "title" : "Untitled",
        "transform" : [
          0.7419879,
          3.258686e-06,
          0.6704134,
          0,
          0.2083281,
          0.950492,
          -0.23057407,
          0,
          -0.63722336,
          0.31074905,
          0.70525277,
          0,
          -0.65198463,
          1.085085,
          -1.4017088,
          1
        ]
      },
      {
        "date" : 756198360.738955,
        "title" : "Untitled",
        "transform" : [
          0.8401325,
          3.2340297e-06,
          0.5423812,
          0,
          0.3831614,
          0.7077666,
          -0.59350985,
          0,
          -0.3838813,
          0.7064464,
          0.5946164,
          0,
          -0.64641213,
          1.6267856,
          0.6222384,
          1
        ]
      },
      {
        "date" : 756198349.656418,
        "title" : "Untitled",
        "transform" : [
          0.55583155,
          3.2346452e-06,
          0.8312951,
          0,
          0.3717769,
          0.89441985,
          -0.24858591,
          0,
          -0.74352765,
          0.44722813,
          0.49714556,
          0,
          -1.2296807,
          1.2683972,
          0.5749043,
          1
        ]
      },
      {
        "date" : 756198334.872618,
        "title" : "Untitled",
        "transform" : [
          -0.6755677,
          3.2226253e-06,
          -0.737298,
          0,
          0.08660244,
          0.99307805,
          -0.079347305,
          0,
          0.7321942,
          -0.11745627,
          -0.6708917,
          0,
          4.346527,
          0.7887287,
          -3.8273652,
          1
        ]
      },
      {
        "date" : 756198333.448329,
        "title" : "Untitled",
        "transform" : [
          -0.6755677,
          3.2226253e-06,
          -0.737298,
          0,
          0.08660244,
          0.99307805,
          -0.079347305,
          0,
          0.7321942,
          -0.11745627,
          -0.6708917,
          0,
          8.36557,
          1.5180316,
          -7.3663616,
          1
        ]
      }
    ]
  },
  "sceneViewportBackgroundColors" : {

  },
  "selectedSceneRelativePath" : "WhiteMyth.usda"
}