{
  "advancedEditorSelectedIdentifier" : "ProjectBrowser",
  "openSceneRelativePaths" : [
    "WhiteMyth.usda"
  ],
  "recentIdentifiers" : {
    "BD5A1786-3368-4FBD-B73C-7180B58F78D9" : [

    ]
  },
  "sceneCameraHistory" : {
    "BD5A1786-3368-4FBD-B73C-7180B58F78D9" : [
      {
        "date" : 756285163.864527,
        "title" : "Untitled",
        "transform" : [
          0.86507046,
          2.8081484e-08,
          0.5016504,
          0,
          0.24056308,
          0.87751806,
          -0.41483918,
          0,
          -0.44020712,
          0.47954357,
          0.759115,
          0,
          -0.8917681,
          0.5250548,
          0.9662304,
          1
        ]
      },
      {
        "date" : 756285154.264032,
        "title" : "Untitled",
        "transform" : [
          0.9112942,
          3.0455176e-08,
          0.4117558,
          0,
          0.11345921,
          0.9612867,
          -0.25110745,
          0,
          -0.3958152,
          0.2755502,
          0.87601507,
          0,
          -0.70536906,
          0.0110442415,
          1.1158195,
          1
        ]
      },
      {
        "date" : 756285143.614292,
        "title" : "Untitled",
        "transform" : [
          0.9148572,
          3.0426463e-08,
          0.4037776,
          0,
          0.11178353,
          0.9609147,
          -0.25327355,
          0,
          -0.38799563,
          0.27684477,
          0.87909967,
          0,
          -0.685494,
          0.014216661,
          1.1217818,
          1
        ]
      },
      {
        "date" : 756285107.081703,
        "title" : "Untitled",
        "transform" : [
          0.9519285,
          3.0235256e-08,
          0.3063209,
          0,
          0.13831316,
          0.8922555,
          -0.42982525,
          0,
          -0.27331632,
          0.45153102,
          0.8493634,
          0,
          -0.4271118,
          0.45265433,
          1.1245607,
          1
        ]
      },
      {
        "date" : 756285096.729616,
        "title" : "Untitled",
        "transform" : [
          0.95472795,
          2.962053e-08,
          0.29748055,
          0,
          -0.011887908,
          0.9992013,
          0.038152028,
          0,
          -0.29724276,
          -0.039961245,
          0.95396537,
          0,
          -0.40812546,
          -0.1950213,
          0.99890643,
          1
        ]
      },
      {
        "date" : 756285037.571189,
        "title" : "Untitled",
        "transform" : [
          0.9281849,
          3.5415756e-08,
          0.3721193,
          0,
          0.25185734,
          0.7361492,
          -0.6282136,
          0,
          -0.27393514,
          0.67681926,
          0.68328255,
          0,
          -0.77195215,
          1.6188191,
          0.6160059,
          1
        ]
      },
      {
        "date" : 756284979.69759,
        "title" : "Untitled",
        "transform" : [
          0.9904479,
          3.545133e-08,
          0.13788778,
          0,
          0.094003,
          0.7315971,
          -0.6752252,
          0,
          -0.10087811,
          0.6817372,
          0.72460884,
          0,
          -1.2112435,
          1.407155,
          0.4623529,
          1
        ]
      },
      {
        "date" : 756284965.38071,
        "title" : "Untitled",
        "transform" : [
          0.0653982,
          3.8201197e-08,
          0.99785924,
          0,
          0.5592776,
          0.8281697,
          -0.036654465,
          0,
          -0.8263969,
          0.5604775,
          0.054161,
          0,
          -0.45118546,
          1.823169,
          0.34002298,
          1
        ]
      },
      {
        "date" : 756284403.640897,
        "title" : "Untitled",
        "transform" : [
          -0.044296786,
          3.820087e-08,
          0.9990184,
          0,
          0.55844975,
          0.82916874,
          0.024761586,
          0,
          -0.82835484,
          0.5589985,
          -0.036729325,
          0,
          -0.45755482,
          1.8183581,
          0.044367254,
          1
        ]
      },
      {
        "date" : 756284400.775479,
        "title" : "Untitled",
        "transform" : [
          -0.6251544,
          3.8092328e-08,
          0.78050107,
          0,
          0.4120462,
          0.84929097,
          0.33003446,
          0,
          -0.66287255,
          0.5279252,
          -0.5309378,
          0,
          -0.3579285,
          1.6589632,
          0.20906019,
          1
        ]
      }
    ]
  },
  "sceneViewportBackgroundColors" : {

  },
  "selectedSceneRelativePath" : "WhiteMyth.usda"
}