{
  "advancedEditorSelectedIdentifier" : "ProjectBrowser",
  "openSceneRelativePaths" : [
    "WhiteMyth.usda"
  ],
  "recentIdentifiers" : {
    "A38FDD40-5BAC-4463-808C-770B8CD1AF3A" : [

    ],
    "AE087476-421F-40EB-BB8E-33E894FC4DD1" : [

    ],
    "D83A3D84-2018-4529-A4DA-BB0692872ECB" : [

    ]
  },
  "sceneCameraHistory" : {
    "2CDB39D7-DD11-4856-965F-F41D28198282" : [
      {
        "date" : 753094988.081782,
        "title" : "Untitled",
        "transform" : [
          1,
          0,
          0,
          0,
          0,
          0.7071069,
          -0.70710677,
          0,
          0,
          0.70710677,
          0.7071069,
          0,
          0,
          7.907806,
          7.907807,
          1
        ]
      }
    ],
    "343586E6-704D-481A-BD79-27FE572B6A3D" : [
      {
        "date" : 750422252.181211,
        "title" : "Untitled",
        "transform" : [
          0.8944913,
          -4.394059e-09,
          -0.4470855,
          0,
          -0.24377185,
          0.8382757,
          -0.48771834,
          0,
          0.37478092,
          0.5452467,
          0.74983025,
          0,
          4.692847,
          2.663363,
          6.6423993,
          1
        ]
      },
      {
        "date" : 750422240.0431,
        "title" : "Untitled",
        "transform" : [
          0.99999994,
          0,
          0,
          0,
          0,
          0.86978453,
          -0.49343163,
          0,
          0,
          0.49343163,
          0.86978453,
          0,
          -5.1235123,
          3.4186242,
          7.6752415,
          1
        ]
      },
      {
        "date" : 750422202.445079,
        "title" : "Untitled",
        "transform" : [
          0.99999994,
          0,
          0,
          0,
          0,
          0.86978453,
          -0.49343163,
          0,
          0,
          0.49343163,
          0.86978453,
          0,
          -0.07040898,
          3.9885943,
          7.3518963,
          1
        ]
      },
      {
        "date" : 750422200.529235,
        "title" : "Untitled",
        "transform" : [
          0.99999994,
          0,
          0,
          0,
          0,
          0.86978453,
          -0.49343163,
          0,
          0,
          0.49343163,
          0.86978453,
          0,
          -0.07133682,
          6.3742113,
          11.484237,
          1
        ]
      },
      {
        "date" : 750422198.603758,
        "title" : "Untitled",
        "transform" : [
          0.99999994,
          0,
          -0,
          0,
          -0,
          0.86978453,
          -0.49343163,
          0,
          0,
          0.49343163,
          0.86978453,
          0,
          -0.072734825,
          9.968682,
          17.710543,
          1
        ]
      },
      {
        "date" : 750422188.224158,
        "title" : "Untitled",
        "transform" : [
          1,
          0,
          0,
          0,
          0,
          0.7071069,
          -0.70710677,
          0,
          0,
          0.70710677,
          0.7071069,
          0,
          -1.3154324,
          2.282427,
          4.849281,
          1
        ]
      },
      {
        "date" : 750422186.229378,
        "title" : "Untitled",
        "transform" : [
          1,
          0,
          0,
          0,
          0,
          0.7071069,
          -0.70710677,
          0,
          0,
          0.70710677,
          0.7071069,
          0,
          -1.3154324,
          1.0433933,
          3.610247,
          1
        ]
      },
      {
        "date" : 750422178.912845,
        "title" : "Untitled",
        "transform" : [
          1,
          0,
          0,
          0,
          0,
          0.7071069,
          -0.70710677,
          0,
          0,
          0.70710677,
          0.7071069,
          0,
          -1.3154324,
          0.5453634,
          3.112217,
          1
        ]
      },
      {
        "date" : 750422171.629872,
        "title" : "Untitled",
        "transform" : [
          1,
          0,
          0,
          0,
          0,
          0.7071069,
          -0.70710677,
          0,
          0,
          0.70710677,
          0.7071069,
          0,
          -1.5281074,
          0.3069905,
          3.3505895,
          1
        ]
      }
    ],
    "67CCEB35-5283-4A0D-AC53-DF56DD02667B" : [
      {
        "date" : 753094979.249742,
        "title" : "Untitled",
        "transform" : [
          1,
          0,
          0,
          0,
          0,
          0.7071069,
          -0.70710677,
          0,
          0,
          0.70710677,
          0.7071069,
          0,
          -0.72615814,
          2.7081804,
          0.9494004,
          1
        ]
      }
    ],
    "948E60C6-7980-4CEE-BD86-84BDDBDCCF72" : [
      {
        "date" : 754818499.305709,
        "title" : "Untitled",
        "transform" : [
          1,
          0,
          0,
          0,
          0,
          0.7071069,
          -0.70710677,
          0,
          0,
          0.70710677,
          0.7071069,
          0,
          -0.31644094,
          2.593216,
          1.0643635,
          1
        ]
      }
    ],
    "A38FDD40-5BAC-4463-808C-770B8CD1AF3A" : [
      {
        "date" : 754995445.74902,
        "title" : "Untitled",
        "transform" : [
          0.73335606,
          -2.278831e-08,
          0.67984474,
          0,
          0.4876772,
          0.69672745,
          -0.52606267,
          0,
          -0.4736664,
          0.71733624,
          0.510949,
          0,
          -7.696967,
          9.9462385,
          -3.956781,
          1
        ]
      },
      {
        "date" : 754995438.249198,
        "title" : "Untitled",
        "transform" : [
          0.6105908,
          -2.2779293e-08,
          -0.7919462,
          0,
          -0.5697187,
          0.6946055,
          -0.43925348,
          0,
          0.5500899,
          0.71939105,
          0.42411977,
          0,
          0.8658724,
          13.893483,
          9.225662,
          1
        ]
      },
      {
        "date" : 754995419.982386,
        "title" : "Untitled",
        "transform" : [
          0.6105908,
          -2.2779293e-08,
          -0.7919462,
          0,
          -0.5697187,
          0.6946055,
          -0.43925348,
          0,
          0.5500899,
          0.71939105,
          0.42411977,
          0,
          5.7331495,
          15.557408,
          0.09038162,
          1
        ]
      },
      {
        "date" : 754995366.150158,
        "title" : "Untitled",
        "transform" : [
          0.2722609,
          -1.3021582e-08,
          0.9622235,
          0,
          0.48853123,
          0.8615275,
          -0.1382297,
          0,
          -0.8289819,
          0.5077111,
          0.23456,
          0,
          4.1391916,
          0.6827949,
          -2.210172,
          1
        ]
      },
      {
        "date" : 754995362.640372,
        "title" : "Untitled",
        "transform" : [
          0.26805454,
          -1.2347432e-08,
          0.96340376,
          0,
          0.35498357,
          0.92964035,
          -0.09876945,
          0,
          -0.8956189,
          0.36846843,
          0.24919406,
          0,
          4.064002,
          0.4855234,
          -2.1948316,
          1
        ]
      },
      {
        "date" : 754995358.085334,
        "title" : "Untitled",
        "transform" : [
          0.26805454,
          -1.12561285e-08,
          0.96340376,
          0,
          0.14576297,
          0.9884879,
          -0.040556535,
          0,
          -0.95231295,
          0.15130031,
          0.26496843,
          0,
          4.0154204,
          0.13141772,
          -2.1813145,
          1
        ]
      },
      {
        "date" : 754995350.175421,
        "title" : "Untitled",
        "transform" : [
          0.26805454,
          -1.12561285e-08,
          0.96340376,
          0,
          0.14576297,
          0.9884879,
          -0.040556535,
          0,
          -0.95231307,
          0.15130033,
          0.26496845,
          0,
          -7.24433,
          0.18772711,
          -1.0912011,
          1
        ]
      },
      {
        "date" : 754995336.791819,
        "title" : "Untitled",
        "transform" : [
          0.6246446,
          -7.740255e-09,
          0.7809092,
          0,
          0.35844707,
          0.8884298,
          -0.28671953,
          0,
          -0.69378304,
          0.45901278,
          0.5549526,
          0,
          -5.2002316,
          4.251549,
          3.4397235,
          1
        ]
      },
      {
        "date" : 754995333.982503,
        "title" : "Untitled",
        "transform" : [
          0.651892,
          -1.4840094e-09,
          0.758312,
          0,
          -0.110052496,
          0.9894128,
          0.094608076,
          0,
          -0.75028366,
          -0.14512803,
          0.64499015,
          0,
          -6.275093,
          0.76389754,
          4.5804186,
          1
        ]
      },
      {
        "date" : 754995331.717855,
        "title" : "Untitled",
        "transform" : [
          0.6517945,
          -1.0653842e-09,
          0.7583957,
          0,
          0.34242755,
          0.89226323,
          -0.2942953,
          0,
          -0.6766885,
          0.45151588,
          0.581572,
          0,
          -5.520399,
          4.361371,
          3.93076,
          1
        ]
      }
    ],
    "D83A3D84-2018-4529-A4DA-BB0692872ECB" : [
      {
        "date" : 754966646.240694,
        "title" : "Untitled",
        "transform" : [
          -0.23582907,
          -2.084668e-10,
          -0.97179455,
          0,
          0.07050277,
          0.9973648,
          -0.017109174,
          0,
          0.96923375,
          -0.07254905,
          -0.2352076,
          0,
          0.3974343,
          1.5659944,
          1.3763059,
          1
        ]
      },
      {
        "date" : 754966610.841234,
        "title" : "Untitled",
        "transform" : [
          0.98824066,
          1.4755281e-09,
          0.15290657,
          0,
          0.052742913,
          0.93862635,
          -0.34087935,
          0,
          -0.14352214,
          0.34493557,
          0.9275887,
          0,
          -0.0038661286,
          1.6796623,
          1.6025491,
          1
        ]
      },
      {
        "date" : 754966603.758728,
        "title" : "Untitled",
        "transform" : [
          -0.74014455,
          0.001076837,
          -0.6724469,
          0,
          -0.26493037,
          0.9186512,
          0.29307297,
          0,
          0.61805975,
          0.39506796,
          -0.6796495,
          0,
          5.363358,
          1.0174747,
          -1.5113139,
          1
        ]
      },
      {
        "date" : 754966454.834066,
        "title" : "Untitled",
        "transform" : [
          -0.82715726,
          0.0010768397,
          -0.5619696,
          0,
          -0.31799647,
          0.82360315,
          0.4696339,
          0,
          0.46334565,
          0.56716543,
          -0.6809069,
          0,
          4.7000012,
          2.017019,
          -1.8172749,
          1
        ]
      },
      {
        "date" : 754966452.878252,
        "title" : "Untitled",
        "transform" : [
          -0.82715726,
          0.0010768397,
          -0.5619696,
          0,
          -0.31799647,
          0.82360315,
          0.4696339,
          0,
          0.46334565,
          0.56716543,
          -0.6809069,
          0,
          5.000595,
          1.8707812,
          -1.7345359,
          1
        ]
      },
      {
        "date" : 754966266.748932,
        "title" : "Untitled",
        "transform" : [
          -0.82715726,
          0.0010768397,
          -0.5619696,
          0,
          -0.31799647,
          0.82360315,
          0.4696339,
          0,
          0.46334565,
          0.56716543,
          -0.6809069,
          0,
          6.1809125,
          1.8486528,
          -0.9497824,
          1
        ]
      },
      {
        "date" : 754966264.764273,
        "title" : "Untitled",
        "transform" : [
          -0.82715726,
          0.0010768397,
          -0.5619696,
          0,
          -0.31799647,
          0.82360315,
          0.4696339,
          0,
          0.46334565,
          0.56716543,
          -0.6809069,
          0,
          6.5853877,
          2.0972805,
          -0.467448,
          1
        ]
      },
      {
        "date" : 754966262.353517,
        "title" : "Untitled",
        "transform" : [
          -0.82715726,
          0.0010768397,
          -0.5619696,
          0,
          -0.31799647,
          0.82360315,
          0.4696339,
          0,
          0.46334565,
          0.56716543,
          -0.6809069,
          0,
          4.9809093,
          1.918232,
          -1.7084076,
          1
        ]
      },
      {
        "date" : 754966256.580703,
        "title" : "Untitled",
        "transform" : [
          -0.82715726,
          0.0010768397,
          -0.5619696,
          0,
          -0.31799647,
          0.82360315,
          0.4696339,
          0,
          0.46334565,
          0.56716543,
          -0.6809069,
          0,
          5.9241,
          2.3385155,
          -2.5703783,
          1
        ]
      },
      {
        "date" : 754966245.681715,
        "title" : "Untitled",
        "transform" : [
          -0.82715726,
          0.0010768397,
          -0.5619696,
          0,
          -0.31799647,
          0.82360315,
          0.4696339,
          0,
          0.46334565,
          0.56716543,
          -0.6809069,
          0,
          6.1931267,
          2.8204527,
          -4.3205423,
          1
        ]
      }
    ]
  },
  "sceneViewportBackgroundColors" : {

  },
  "selectedSceneRelativePath" : "WhiteMyth.usda"
}