{
  "advancedEditorSelectedIdentifier" : "ProjectBrowser",
  "openSceneRelativePaths" : [
    "WhiteMyth.usda"
  ],
  "recentIdentifiers" : {
    "BD5A1786-3368-4FBD-B73C-7180B58F78D9" : [

    ]
  },
  "sceneCameraHistory" : {
    "BD5A1786-3368-4FBD-B73C-7180B58F78D9" : [
      {
        "date" : 756205139.766775,
        "title" : "Untitled",
        "transform" : [
          -0.51439714,
          3.2483651e-06,
          0.8575521,
          0,
          0.16592255,
          0.9811038,
          0.09952387,
          0,
          -0.8413472,
          0.19348195,
          -0.50467765,
          0,
          -0.21446046,
          0.21054244,
          -0.5474372,
          1
        ]
      },
      {
        "date" : 756204148.199161,
        "title" : "Untitled",
        "transform" : [
          0.1487044,
          3.2476726e-06,
          -0.9888817,
          0,
          -0.13505985,
          0.9906294,
          -0.020306552,
          0,
          0.9796152,
          0.13657789,
          0.14731143,
          0,
          -0.7561246,
          0.94927764,
          0.1317991,
          1
        ]
      },
      {
        "date" : 756204143.364593,
        "title" : "Untitled",
        "transform" : [
          0.30695984,
          3.2483085e-06,
          -0.9517225,
          0,
          -0.20432588,
          0.97668236,
          -0.06589806,
          0,
          0.9295303,
          0.2146896,
          0.29980296,
          0,
          -0.6865468,
          1.1232125,
          0.77455455,
          1
        ]
      },
      {
        "date" : 756203924.398205,
        "title" : "Untitled",
        "transform" : [
          0.30695984,
          3.2483085e-06,
          -0.9517225,
          0,
          -0.20432588,
          0.97668236,
          -0.06589806,
          0,
          0.9295303,
          0.2146896,
          0.29980296,
          0,
          -0.7525978,
          1.2129433,
          0.915087,
          1
        ]
      },
      {
        "date" : 756203759.965858,
        "title" : "Untitled",
        "transform" : [
          -0.06070842,
          3.2443993e-06,
          -0.9981556,
          0,
          -0.055376504,
          0.9984599,
          0.003371294,
          0,
          0.9966183,
          0.055479024,
          -0.060614716,
          0,
          -1.0458393,
          1.41732,
          1.2279469,
          1
        ]
      },
      {
        "date" : 756203618.46077,
        "title" : "Untitled",
        "transform" : [
          -0.060772546,
          3.2444018e-06,
          -0.99815166,
          0,
          -0.057278458,
          0.99835217,
          0.0034906652,
          0,
          0.9965069,
          0.05738472,
          -0.060672194,
          0,
          -1.0486851,
          1.4660046,
          1.2264783,
          1
        ]
      },
      {
        "date" : 756203610.71454,
        "title" : "Untitled",
        "transform" : [
          -0.060772546,
          3.2444018e-06,
          -0.99815166,
          0,
          -0.057278458,
          0.99835217,
          0.0034906652,
          0,
          0.9965069,
          0.05738472,
          -0.060672194,
          0,
          1.2869496,
          1.4142435,
          0.9918692,
          1
        ]
      },
      {
        "date" : 756203607.654919,
        "title" : "Untitled",
        "transform" : [
          0.3775111,
          3.2444273e-06,
          -0.92600507,
          0,
          -0.34607628,
          0.92753786,
          -0.14108413,
          0,
          0.8589043,
          0.37372923,
          0.350157,
          0,
          0.38690293,
          2.3895664,
          2.1801755,
          1
        ]
      },
      {
        "date" : 756203593.467591,
        "title" : "Untitled",
        "transform" : [
          0.37751108,
          3.2549472e-06,
          -0.92600507,
          0,
          -0.34607622,
          0.9275378,
          -0.14108425,
          0,
          0.85890424,
          0.37372914,
          0.35015714,
          0,
          1.0913342,
          1.1552812,
          0.5578602,
          1
        ]
      },
      {
        "date" : 756203592.085704,
        "title" : "Untitled",
        "transform" : [
          0.37751108,
          3.2549472e-06,
          -0.92600507,
          0,
          -0.34607622,
          0.9275378,
          -0.14108425,
          0,
          0.85890424,
          0.37372914,
          0.35015714,
          0,
          1.1127229,
          1.1056834,
          0.5583315,
          1
        ]
      }
    ]
  },
  "sceneViewportBackgroundColors" : {

  },
  "selectedSceneRelativePath" : "WhiteMyth.usda"
}