{
  "advancedEditorSelectedIdentifier" : "ProjectBrowser",
  "openSceneRelativePaths" : [
    "BasketballScene.usda",
    "WhiteMyth.usda"
  ],
  "recentIdentifiers" : {
    "BD5A1786-3368-4FBD-B73C-7180B58F78D9" : [

    ]
  },
  "sceneCameraHistory" : {
    "BD5A1786-3368-4FBD-B73C-7180B58F78D9" : [
      {
        "date" : 756193421.494038,
        "title" : "Untitled",
        "transform" : [
          0.5091046,
          3.2547819e-06,
          -0.86070466,
          0,
          -0.68384576,
          0.6072415,
          -0.40449068,
          0,
          0.5226543,
          0.7945174,
          0.30915165,
          0,
          0.44139025,
          1.4912846,
          -1.465911,
          1
        ]
      },
      {
        "date" : 756193391.158215,
        "title" : "Untitled",
        "transform" : [
          0.41002536,
          3.2533133e-06,
          -0.9120741,
          0,
          -0.694905,
          0.6477013,
          -0.3123941,
          0,
          0.5907506,
          0.7618944,
          0.26557624,
          0,
          0.41178393,
          1.2556349,
          -1.6084253,
          1
        ]
      },
      {
        "date" : 756193364.979204,
        "title" : "Untitled",
        "transform" : [
          0.41002536,
          3.305062e-06,
          -0.9120741,
          0,
          -0.6949049,
          0.6477013,
          -0.3123942,
          0,
          0.5907503,
          0.7618946,
          0.26557642,
          0,
          -3.0055368,
          -0.6528747,
          -1.2724078,
          1
        ]
      },
      {
        "date" : 756193362.428461,
        "title" : "Untitled",
        "transform" : [
          0.41002536,
          3.305062e-06,
          -0.9120741,
          0,
          -0.6949049,
          0.6477013,
          -0.3123942,
          0,
          0.5907503,
          0.7618946,
          0.26557642,
          0,
          -2.6486676,
          -0.36162698,
          -1.3588,
          1
        ]
      },
      {
        "date" : 756192842.917407,
        "title" : "Untitled",
        "transform" : [
          0.41002536,
          3.305062e-06,
          -0.9120741,
          0,
          -0.6949049,
          0.6477013,
          -0.3123942,
          0,
          0.5907503,
          0.7618946,
          0.26557642,
          0,
          -1.0516422,
          0.941735,
          -1.7454143,
          1
        ]
      },
      {
        "date" : 756192802.858755,
        "title" : "Untitled",
        "transform" : [
          0.31652418,
          3.3127765e-06,
          -0.94858444,
          0,
          -0.88691956,
          0.3546679,
          -0.2959467,
          0,
          0.33643115,
          0.9349925,
          0.112264045,
          0,
          -1.2641587,
          0.98223114,
          -1.8410323,
          1
        ]
      },
      {
        "date" : 756191954.224037,
        "title" : "Untitled",
        "transform" : [
          0.40783656,
          3.318031e-06,
          -0.91305494,
          0,
          -0.7462828,
          0.57614666,
          -0.33334208,
          0,
          0.5260521,
          0.8173464,
          0.23497623,
          0,
          -1.0986942,
          0.9590295,
          -1.7670004,
          1
        ]
      },
      {
        "date" : 756191948.371471,
        "title" : "Untitled",
        "transform" : [
          0.7384066,
          3.3193114e-06,
          0.6743558,
          0,
          0.30939388,
          0.8885384,
          -0.3387845,
          0,
          -0.5991922,
          0.45880252,
          0.65610135,
          0,
          -1.4663191,
          1.4760008,
          -0.08817053,
          1
        ]
      },
      {
        "date" : 756187447.268671,
        "title" : "Untitled",
        "transform" : [
          0.6056105,
          3.3227107e-06,
          0.79576117,
          0,
          0.18544589,
          0.9724661,
          -0.14113668,
          0,
          -0.7738513,
          0.23304483,
          0.58893496,
          0,
          -0.61591864,
          1.5648042,
          1.2372228,
          1
        ]
      },
      {
        "date" : 756184952.23372,
        "title" : "Untitled",
        "transform" : [
          0.4092423,
          3.322711e-06,
          0.9124258,
          0,
          0.21263452,
          0.9724661,
          -0.0953745,
          0,
          -0.8873034,
          0.23304483,
          0.39797345,
          0,
          -1.5092626,
          2.032205,
          1.5923938,
          1
        ]
      }
    ]
  },
  "sceneViewportBackgroundColors" : {

  },
  "selectedSceneRelativePath" : "WhiteMyth.usda"
}