{
  "advancedEditorSelectedIdentifier" : "ProjectBrowser",
  "openSceneRelativePaths" : [
    "BasketballScene.usda",
    "WhiteMyth.usda"
  ],
  "recentIdentifiers" : {
    "BD5A1786-3368-4FBD-B73C-7180B58F78D9" : [

    ]
  },
  "sceneCameraHistory" : {
    "BD5A1786-3368-4FBD-B73C-7180B58F78D9" : [
      {
        "date" : 756119647.609818,
        "title" : "Untitled",
        "transform" : [
          0.43194613,
          3.3750641e-06,
          -0.9018994,
          0,
          -0.18093224,
          0.979671,
          -0.08665008,
          0,
          0.88356435,
          0.20061094,
          0.42316562,
          0,
          -1.038485,
          0.35559487,
          -1.5546052,
          1
        ]
      },
      {
        "date" : 756119639.579679,
        "title" : "Untitled",
        "transform" : [
          0.3029116,
          3.3987858e-06,
          -0.95301867,
          0,
          -0.8664135,
          0.4165236,
          -0.27538314,
          0,
          0.3969538,
          0.90912503,
          0.12617272,
          0,
          -1.1397977,
          0.61285913,
          -1.6325824,
          1
        ]
      },
      {
        "date" : 756119631.317111,
        "title" : "Untitled",
        "transform" : [
          0.9373475,
          3.3884107e-06,
          0.34839585,
          0,
          0.095037594,
          0.9620722,
          -0.2557049,
          0,
          -0.33518285,
          0.2727951,
          0.9017956,
          0,
          -1.2287235,
          0.42678082,
          -1.1490134,
          1
        ]
      },
      {
        "date" : 756119627.197416,
        "title" : "Untitled",
        "transform" : [
          0.97943854,
          3.389136e-06,
          -0.20174292,
          0,
          -0.087999605,
          0.8998586,
          -0.42721257,
          0,
          0.18153869,
          0.4361818,
          0.8813565,
          0,
          -0.99756694,
          0.45871577,
          -1.2201644,
          1
        ]
      },
      {
        "date" : 756119618.867767,
        "title" : "Untitled",
        "transform" : [
          0.97943854,
          3.389136e-06,
          -0.20174292,
          0,
          -0.087999605,
          0.8998586,
          -0.42721257,
          0,
          0.18153869,
          0.4361818,
          0.8813565,
          0,
          -0.92351365,
          0.49600765,
          -1.2538733,
          1
        ]
      },
      {
        "date" : 756119573.982958,
        "title" : "Untitled",
        "transform" : [
          1,
          3.3969186e-06,
          -0.00039329316,
          0,
          -3.975554e-05,
          0.9957234,
          -0.09238434,
          0,
          0.0003913545,
          0.09238439,
          0.99572337,
          0,
          -1.0406907,
          0.2618297,
          -1.1151433,
          1
        ]
      },
      {
        "date" : 756119281.494905,
        "title" : "Untitled",
        "transform" : [
          1,
          3.3969186e-06,
          -0.00039329316,
          0,
          -3.975554e-05,
          0.9957234,
          -0.09238434,
          0,
          0.0003913545,
          0.09238439,
          0.99572337,
          0,
          -0.9928726,
          0.45002854,
          -0.4643972,
          1
        ]
      },
      {
        "date" : 756119250.070647,
        "title" : "Untitled",
        "transform" : [
          1,
          3.3969186e-06,
          -0.00039329316,
          0,
          -3.975554e-05,
          0.9957234,
          -0.09238434,
          0,
          0.0003913545,
          0.09238439,
          0.99572337,
          0,
          -0.46125013,
          0.67762876,
          -0.48572302,
          1
        ]
      },
      {
        "date" : 756119233.932192,
        "title" : "Untitled",
        "transform" : [
          1,
          3.3969186e-06,
          -0.00039329316,
          0,
          -3.975554e-05,
          0.9957234,
          -0.09238434,
          0,
          0.0003913545,
          0.09238439,
          0.99572337,
          0,
          -0.7583896,
          0.048951443,
          -0.99422777,
          1
        ]
      },
      {
        "date" : 756119231.661999,
        "title" : "Untitled",
        "transform" : [
          1,
          3.3969186e-06,
          -0.00039329316,
          0,
          -3.975554e-05,
          0.9957234,
          -0.09238434,
          0,
          0.0003913545,
          0.09238439,
          0.99572337,
          0,
          -0.8417103,
          0.051286396,
          -1.1999359,
          1
        ]
      }
    ]
  },
  "sceneViewportBackgroundColors" : {

  },
  "selectedSceneRelativePath" : "WhiteMyth.usda"
}