{
  "advancedEditorSelectedIdentifier" : "ProjectBrowser",
  "openSceneRelativePaths" : [
    "BasketballScene.usda",
    "WhiteMyth.usda"
  ],
  "recentIdentifiers" : {
    "BD5A1786-3368-4FBD-B73C-7180B58F78D9" : [

    ]
  },
  "sceneCameraHistory" : {
    "BD5A1786-3368-4FBD-B73C-7180B58F78D9" : [
      {
        "date" : 755512827.773491,
        "title" : "Untitled",
        "transform" : [
          -0.99962175,
          8.233021e-10,
          0.02750245,
          0,
          0.0119139105,
          0.9013013,
          0.43302903,
          0,
          -0.024787953,
          0.43319285,
          -0.9009603,
          0,
          -2.3704822,
          1.0438724,
          -2.1143756,
          1
        ]
      },
      {
        "date" : 755512819.789869,
        "title" : "Untitled",
        "transform" : [
          -0.99962175,
          8.233021e-10,
          0.02750245,
          0,
          0.0119139105,
          0.9013013,
          0.43302903,
          0,
          -0.024787953,
          0.43319285,
          -0.9009603,
          0,
          0.936995,
          1.9310194,
          -1.778822,
          1
        ]
      },
      {
        "date" : 755512803.273266,
        "title" : "Untitled",
        "transform" : [
          -0.99962175,
          8.233021e-10,
          0.02750245,
          0,
          0.0119139105,
          0.9013013,
          0.43302903,
          0,
          -0.024787953,
          0.43319285,
          -0.9009603,
          0,
          -0.21203008,
          1.6822,
          -1.1615925,
          1
        ]
      },
      {
        "date" : 755512801.973508,
        "title" : "Untitled",
        "transform" : [
          -0.99962175,
          8.233021e-10,
          0.02750245,
          0,
          0.0119139105,
          0.9013013,
          0.43302903,
          0,
          -0.024787953,
          0.43319285,
          -0.9009603,
          0,
          0.42081103,
          1.5406034,
          -1.2470849,
          1
        ]
      },
      {
        "date" : 755512793.437452,
        "title" : "Untitled",
        "transform" : [
          -0.99962175,
          8.233021e-10,
          0.02750245,
          0,
          0.0119139105,
          0.9013013,
          0.43302903,
          0,
          -0.024787953,
          0.43319285,
          -0.9009603,
          0,
          0.36378694,
          1.1866207,
          -1.4157152,
          1
        ]
      },
      {
        "date" : 755512777.45759,
        "title" : "Untitled",
        "transform" : [
          -0.99984264,
          1.3812976e-09,
          0.017739363,
          0,
          0.0048417165,
          0.9620329,
          0.27289078,
          0,
          -0.017065808,
          0.27293372,
          -0.96188146,
          0,
          -0.31313518,
          1.0354741,
          -0.95922637,
          1
        ]
      },
      {
        "date" : 755512764.374196,
        "title" : "Untitled",
        "transform" : [
          -0.999675,
          1.389217e-09,
          -0.025495535,
          0,
          -0.0067876517,
          0.9639093,
          0.2661443,
          0,
          0.024575423,
          0.26623082,
          -0.963596,
          0,
          -0.22147429,
          1.0207293,
          -0.97850084,
          1
        ]
      },
      {
        "date" : 755512754.874263,
        "title" : "Untitled",
        "transform" : [
          -0.29549664,
          1.0269277e-09,
          -0.95534384,
          0,
          -0.14743845,
          0.9880193,
          0.04560411,
          0,
          0.94389814,
          0.15433021,
          -0.2919563,
          0,
          0.46114492,
          0.8988534,
          0.31962156,
          1
        ]
      },
      {
        "date" : 755512746.525044,
        "title" : "Untitled",
        "transform" : [
          -0.42277145,
          1.18788e-09,
          -0.9062364,
          0,
          -0.10484849,
          0.9932846,
          0.048913267,
          0,
          0.90015066,
          0.11569658,
          -0.4199323,
          0,
          -1.3787174,
          0.47011423,
          0.31371832,
          1
        ]
      },
      {
        "date" : 755512724.483402,
        "title" : "Untitled",
        "transform" : [
          -0.84590715,
          -1.4736155e-09,
          -0.5333303,
          0,
          -0.11509793,
          0.9764354,
          0.18255517,
          0,
          0.52076256,
          0.21580985,
          -0.8259736,
          0,
          -4.1294765,
          1.5133958,
          -3.781499,
          1
        ]
      }
    ]
  },
  "sceneViewportBackgroundColors" : {

  },
  "selectedSceneRelativePath" : "WhiteMyth.usda"
}