{
  "advancedEditorSelectedIdentifier" : "ProjectBrowser",
  "openSceneRelativePaths" : [
    "Editable.usda",
    "MegaMind.usda",
    "BasketballScene.usda"
  ],
  "recentIdentifiers" : {
    "A38FDD40-5BAC-4463-808C-770B8CD1AF3A" : [

    ]
  },
  "sceneCameraHistory" : {
    "343586E6-704D-481A-BD79-27FE572B6A3D" : [
      {
        "date" : 750422252.181211,
        "title" : "Untitled",
        "transform" : [
          0.8944913,
          -4.394059e-09,
          -0.4470855,
          0,
          -0.24377185,
          0.8382757,
          -0.48771834,
          0,
          0.37478092,
          0.5452467,
          0.74983025,
          0,
          4.692847,
          2.663363,
          6.6423993,
          1
        ]
      },
      {
        "date" : 750422240.0431,
        "title" : "Untitled",
        "transform" : [
          0.99999994,
          0,
          0,
          0,
          0,
          0.86978453,
          -0.49343163,
          0,
          0,
          0.49343163,
          0.86978453,
          0,
          -5.1235123,
          3.4186242,
          7.6752415,
          1
        ]
      },
      {
        "date" : 750422202.445079,
        "title" : "Untitled",
        "transform" : [
          0.99999994,
          0,
          0,
          0,
          0,
          0.86978453,
          -0.49343163,
          0,
          0,
          0.49343163,
          0.86978453,
          0,
          -0.07040898,
          3.9885943,
          7.3518963,
          1
        ]
      },
      {
        "date" : 750422200.529235,
        "title" : "Untitled",
        "transform" : [
          0.99999994,
          0,
          0,
          0,
          0,
          0.86978453,
          -0.49343163,
          0,
          0,
          0.49343163,
          0.86978453,
          0,
          -0.07133682,
          6.3742113,
          11.484237,
          1
        ]
      },
      {
        "date" : 750422198.603758,
        "title" : "Untitled",
        "transform" : [
          0.99999994,
          0,
          -0,
          0,
          -0,
          0.86978453,
          -0.49343163,
          0,
          0,
          0.49343163,
          0.86978453,
          0,
          -0.072734825,
          9.968682,
          17.710543,
          1
        ]
      },
      {
        "date" : 750422188.224158,
        "title" : "Untitled",
        "transform" : [
          1,
          0,
          0,
          0,
          0,
          0.7071069,
          -0.70710677,
          0,
          0,
          0.70710677,
          0.7071069,
          0,
          -1.3154324,
          2.282427,
          4.849281,
          1
        ]
      },
      {
        "date" : 750422186.229378,
        "title" : "Untitled",
        "transform" : [
          1,
          0,
          0,
          0,
          0,
          0.7071069,
          -0.70710677,
          0,
          0,
          0.70710677,
          0.7071069,
          0,
          -1.3154324,
          1.0433933,
          3.610247,
          1
        ]
      },
      {
        "date" : 750422178.912845,
        "title" : "Untitled",
        "transform" : [
          1,
          0,
          0,
          0,
          0,
          0.7071069,
          -0.70710677,
          0,
          0,
          0.70710677,
          0.7071069,
          0,
          -1.3154324,
          0.5453634,
          3.112217,
          1
        ]
      },
      {
        "date" : 750422171.629872,
        "title" : "Untitled",
        "transform" : [
          1,
          0,
          0,
          0,
          0,
          0.7071069,
          -0.70710677,
          0,
          0,
          0.70710677,
          0.7071069,
          0,
          -1.5281074,
          0.3069905,
          3.3505895,
          1
        ]
      }
    ],
    "A38FDD40-5BAC-4463-808C-770B8CD1AF3A" : [
      {
        "date" : 750422273.812335,
        "title" : "Untitled",
        "transform" : [
          0.9404546,
          -3.965348e-08,
          -0.33991957,
          0,
          -0.09866436,
          0.95694846,
          -0.27297455,
          0,
          0.32528543,
          0.2902581,
          0.89996654,
          0,
          0.58306766,
          3.3988166,
          5.4449205,
          1
        ]
      },
      {
        "date" : 750422256.562109,
        "title" : "Untitled",
        "transform" : [
          0.9404546,
          -3.965348e-08,
          -0.33991957,
          0,
          -0.09866436,
          0.95694846,
          -0.27297455,
          0,
          0.32528543,
          0.2902581,
          0.89996654,
          0,
          0.71963835,
          2.5394852,
          5.6727104,
          1
        ]
      },
      {
        "date" : 750422234.66249,
        "title" : "Untitled",
        "transform" : [
          0.9404546,
          -3.965348e-08,
          -0.33991957,
          0,
          -0.09866436,
          0.95694846,
          -0.27297455,
          0,
          0.32528543,
          0.2902581,
          0.89996654,
          0,
          3.1971025,
          1.5367205,
          5.100663,
          1
        ]
      },
      {
        "date" : 750422157.698349,
        "title" : "Untitled",
        "transform" : [
          0.9404546,
          -3.965348e-08,
          -0.33991957,
          0,
          -0.09866436,
          0.95694846,
          -0.27297455,
          0,
          0.32528543,
          0.2902581,
          0.89996654,
          0,
          -0.36566097,
          2.4938657,
          6.0796947,
          1
        ]
      },
      {
        "date" : 750422154.358172,
        "title" : "Untitled",
        "transform" : [
          0.9404546,
          -3.965348e-08,
          -0.33991957,
          0,
          -0.09866436,
          0.95694846,
          -0.27297455,
          0,
          0.32528543,
          0.2902581,
          0.89996654,
          0,
          -0.2324969,
          0.67213374,
          6.61911,
          1
        ]
      },
      {
        "date" : 750422145.58266,
        "title" : "Untitled",
        "transform" : [
          0.9404546,
          -3.965348e-08,
          -0.33991957,
          0,
          -0.09866436,
          0.95694846,
          -0.27297455,
          0,
          0.32528543,
          0.2902581,
          0.89996654,
          0,
          0.07265248,
          0.03256005,
          2.8155174,
          1
        ]
      },
      {
        "date" : 750422139.371004,
        "title" : "Untitled",
        "transform" : [
          0.9404546,
          -3.965348e-08,
          -0.33991957,
          0,
          -0.09866436,
          0.95694846,
          -0.27297455,
          0,
          0.32528543,
          0.2902581,
          0.89996654,
          0,
          -0.10581995,
          0.3450727,
          2.7792325,
          1
        ]
      },
      {
        "date" : 750422133.938576,
        "title" : "Untitled",
        "transform" : [
          0.9035757,
          -3.8877552e-08,
          -0.42842856,
          0,
          -0.05279051,
          0.99237955,
          -0.11133773,
          0,
          0.42516372,
          0.12321901,
          0.89669,
          0,
          0.32568395,
          0.32379133,
          2.7175362,
          1
        ]
      },
      {
        "date" : 750422122.397914,
        "title" : "Untitled",
        "transform" : [
          0.9115241,
          -3.96413e-08,
          -0.41124666,
          0,
          -0.07674888,
          0.98243123,
          -0.1701132,
          0,
          0.40402156,
          0.186625,
          0.8955097,
          0,
          0.27049157,
          0.4447857,
          2.6831875,
          1
        ]
      },
      {
        "date" : 750422116.608656,
        "title" : "Untitled",
        "transform" : [
          0.9115241,
          -3.96413e-08,
          -0.41124666,
          0,
          -0.07674888,
          0.98243123,
          -0.1701132,
          0,
          0.40402156,
          0.186625,
          0.8955097,
          0,
          -0.082956284,
          0.51687443,
          2.8276272,
          1
        ]
      }
    ]
  },
  "sceneViewportBackgroundColors" : {

  },
  "selectedSceneRelativePath" : "BasketballScene.usda"
}