{
  "advancedEditorSelectedIdentifier" : "ProjectBrowser",
  "openSceneRelativePaths" : [
    "WhiteMyth.usda"
  ],
  "recentIdentifiers" : {
    "BD5A1786-3368-4FBD-B73C-7180B58F78D9" : [

    ]
  },
  "sceneCameraHistory" : {
    "BD5A1786-3368-4FBD-B73C-7180B58F78D9" : [
      {
        "date" : 756391525.666155,
        "title" : "Untitled",
        "transform" : [
          0.99638367,
          -1.660086e-08,
          -0.08496823,
          0,
          -0.030609686,
          0.9328559,
          -0.35894665,
          0,
          0.079263166,
          0.36024928,
          0.9294825,
          0,
          0.100719735,
          0.47565657,
          -0.2803942,
          1
        ]
      },
      {
        "date" : 756391514.650121,
        "title" : "Untitled",
        "transform" : [
          0.8503297,
          -1.7406538e-08,
          -0.52625036,
          0,
          -0.30553195,
          0.8142012,
          -0.493687,
          0,
          0.42847368,
          0.58058286,
          0.6923394,
          0,
          0.52326727,
          0.72075546,
          -0.4412061,
          1
        ]
      },
      {
        "date" : 756391087.15589,
        "title" : "Untitled",
        "transform" : [
          0.41223496,
          -1.8067178e-08,
          0.9110776,
          0,
          0.46357182,
          0.8608748,
          -0.20975213,
          0,
          -0.78432363,
          0.5088169,
          0.35488272,
          0,
          -0.6638385,
          0.642197,
          -1.2714995,
          1
        ]
      },
      {
        "date" : 756391080.205497,
        "title" : "Untitled",
        "transform" : [
          0.55399245,
          -1.8872086e-08,
          0.83252174,
          0,
          0.4621428,
          0.8317757,
          -0.3075278,
          0,
          -0.6924713,
          0.5551119,
          0.46079752,
          0,
          -0.60050285,
          0.69303393,
          -1.134397,
          1
        ]
      },
      {
        "date" : 756391067.972562,
        "title" : "Untitled",
        "transform" : [
          0.7001835,
          -1.8422973e-08,
          0.713963,
          0,
          0.3430097,
          0.87703276,
          -0.33638963,
          0,
          -0.62616885,
          0.4804306,
          0.61408395,
          0,
          -1.0968926,
          0.58261526,
          -0.84520614,
          1
        ]
      },
      {
        "date" : 756391061.674116,
        "title" : "Untitled",
        "transform" : [
          0.9790481,
          -1.78173e-08,
          -0.2036295,
          0,
          -0.07577569,
          0.9281825,
          -0.3643287,
          0,
          0.18900533,
          0.37212542,
          0.9087353,
          0,
          0.01448315,
          0.41178337,
          0.1934551,
          1
        ]
      },
      {
        "date" : 756391059.801766,
        "title" : "Untitled",
        "transform" : [
          0.80170757,
          -1.8037495e-08,
          -0.59771645,
          0,
          -0.22908202,
          0.9236397,
          -0.3072641,
          0,
          0.5520747,
          0.38326204,
          0.74048895,
          0,
          0.57639813,
          0.4276029,
          0.057077587,
          1
        ]
      },
      {
        "date" : 756292593.490997,
        "title" : "Untitled",
        "transform" : [
          -0.954884,
          -0.00036591516,
          -0.29697853,
          0,
          -0.15706374,
          0.84932435,
          0.50396335,
          0,
          0.25204742,
          0.52787095,
          -0.81106377,
          0,
          -0.689132,
          1.4866298,
          -1.0208248,
          1
        ]
      },
      {
        "date" : 756292570.659073,
        "title" : "Untitled",
        "transform" : [
          -0.96806955,
          -0.00036591606,
          -0.2506814,
          0,
          -0.108669445,
          0.90176827,
          0.4183359,
          0,
          0.22590415,
          0.43221948,
          -0.87301415,
          0,
          -0.6982937,
          1.3874308,
          -1.1481031,
          1
        ]
      },
      {
        "date" : 756292567.743105,
        "title" : "Untitled",
        "transform" : [
          -0.7124818,
          -0.0003659157,
          0.70169044,
          0,
          0.23023668,
          0.9445149,
          0.23427089,
          0,
          -0.66284233,
          0.32846844,
          -0.6728659,
          0,
          -1.545691,
          1.2681679,
          -0.26882648,
          1
        ]
      }
    ]
  },
  "sceneViewportBackgroundColors" : {

  },
  "selectedSceneRelativePath" : "WhiteMyth.usda"
}